  7       327         1         7         8
  6       194         0         9         9
  7       277         0         5         5
  7        86         1         7         8
  4       180         0         5         5
  6       111         1         5         4
  6       216         0         3         5
  5       140         1         5         6
  4       227         1         5         5
  6       264         1         4         6
  7       206         0         6         6
  4       217         0         3         2
  7       215         1         7         7
  8       272         0         5         6
  7       196         1         6         6
  8       180         0         6         4
  6       151         1         6         6
  7       310         1         5         6
  7       370         0         8         6
  7       304         1         6         6
  6       154         0         6         7
  8       233         0         6         6
  4       180         1         3         3
  8       310         0         7         6
  6       211         0         2         4
  4       114         0         1         4
  7       227         1         7         6
  6       128         0         4         6
  6       265         1         3         5
  9       253         0         7         7
  6       230         0         6         7
  4       240         1         2         6
  5       118         1         2         5
  6       226         0         7         8
  4       209         1         4         5
  4       182         1         6         6
  5       190         0         5         8
  5       275         1         3         3
  6       156         1         6         6
  6       258         0         6         7
  6       144         1         5         6
  8       330         0         8         5
  7       266         1         9         8
  6       147         0         4         8
  6       145         1         6         6
  8       221         0         6         7
  6       215         1         3         6
  4       326         1         7         5
  5       235         0         4         6
  5       168         0         4         3
  5       139         1         5         7
  7       265         1         7         3
  7       278         0         6         5
  8       230         1         8         8
  6       194         0         6         6
  7       132         0         3         5
  9       244         0         8         8
  7       251         0         8         7
  4       217         0         3         2
  9       308         0         9         8
  5       271         1         4         6
  7       190         0         7         8
  4       243         1         2         3
  6       258         0         6         7
  6       127         1         7         5
  6       149         1         6         6
  5       159         0         3         5
  6       206         1         4         7
  6       104         0         6         5
  5       246         0         6         6
  6       225         1         5         6
  5       140         1         5         7
  6       181         0         6         6
  6       250         0         7         5
  5       235         1         5         7
  7       209         0         7         8
  4       220         1         2         3
  7       124         0         5         8
  7       265         0         6         4
  6       215         0         5         5
  7       300         0         6         8
  7       290         0         7         7
  5       273         1         3         3
  6       240         0         6         6
  6       220         0         5         6
  7       219         0         6         6
  5       152         0         5         4
  8       315         0         7         6