  7       223         0         3         4
  6       236         0         3         8
  5       189         1         3         3
  8       234         0         6         4
  5       105         1         3         3
  9       242         0         8         7
  6       217         1         4         4
  7       208         1         5         4
  7       221         0         6         5
  7       196         0         7         6
  7       265         0         4         4
  7       211         1         7         8
  6       180         1         5         6
  5       272         1         1         4
  5       176         1         4         7
  5       254         0         3         5
  7       193         0         4         7
  4       238         1         4         3
  7       174         1         3         4
  6       138         1         6         7
  9       335         0         8         6
  9       369         0         6         6
  7       188         0         4         4
  7       138         0         5         4
  8       255         0         5         6
  6       206         1         6         6
  9       209         0         6         7
  5       130         1         4         2
  7       190         0         7         7
  8       242         0         6         5
  9       329         0         8         6
  8       280         0         6         6
  5       135         0         3         3
  7       221         0         6         7
  7       262         0         6         6
  5       226         0         2         4
  8       193         0         8         7
  6       145         1         6         5
  6       147         1         3         3
  5       191         1         7         6
  6       163         1         7         9
  6       101         1         5         5
  6       119         1         4         4
  7       281         0         8         7
  6       298         0         3         6
  4       246         1         3         2
  7       249         1         7         8
  6       156         0         6         5
  7       155         0         6         7
  9       231         0         7         7
  5       220         1         5         5
  6       220         1         4         3
  7       208         0         5         5
  8       219         0         7         7
  7       163         0         7         7
  8       164         1         7         5
  6       185         1         5         7
  8       240         0         5         6
  7       256         0         5         5
  6       205         0         3         8
  8       296         0         4         6
  7       233         0         5         9
  9       227         0         5         5
  8       258         0         4         5
  8       216         0         7         6
  8       210         1         6         7
  8       286         0         7         5
  7       256         0         8         7
  7       238         1         6         6
  5       229         1         3         4
  8       234         0         4         5
  8       213         0         7         5
  6       221         1         4         7
  6       218         0         5         4
  6       170         1         6         4
  8       270         0         5         4
  5       202         0         4         5
  7       206         0         6         6
  8       168         0         8         7
  6       130         0         3         2
  6       107         0         2         3
  7       132         0         3         4
  8       255         0         6         6
  5       200         1         4         5
  9       218         0         8         5
  7       174         1         5         8
  5       193         1         2         3
  7       168         0         6         5
  9       251         0         7         7
  6       137         0         5         5
  5       151         1         5         6
  4       155         1         3         3
  7       166         1         7         4
  5       224         1         3         4
  7       225         0         5         5
  6       217         0         4         7
  7       152         0         7         6
  6       205         1         5         5
  5       237         1         5         5
  8       289         0         7         6
  8       315         0         7         6
  7       246         0         4         3
  6       242         0         5         4
  6       196         1         5         5
  7       173         0         7         5
  4       249         1         3         3
  5       211         0         3         6
  7       162         0         6         5
  5       172         0         1         1
  8       361         0         7         6