"SESSIONS   " "SHELBY     " "MURKOWSKI  " "STEVENS    " "KYL        " "MCCAIN     " "PRYOR      " "LINCOLN    " "BOXER      " "FEINSTEIN  " "ALLARD     " "CAMPBELL   " "DODD       " "LIEBERMAN  " "BIDEN      " "CARPER     " "GRAHAM  BOB" "NELSON  CLA" "CHAMBLISS  " "MILLER     " "AKAKA      " "INOUYE     " "CRAIG      " "CRAPO      " "DURBIN     " "FITZGERALD " "BAYH       " "LUGAR      " "GRASSLEY   " "HARKIN     " "BROWNBACK  " "ROBERTS    " "BUNNING    " "MCCONNELL  " "BREAUX     " "LANDRIEU   " "COLLINS    " "SNOWE      " "MIKULSKI   " "SARBANES   " "KENNEDY  ED" "KERRY  JOHN" "STABENOW   " "LEVIN  CARL" "DAYTON     " "COLEMAN    " "COCHRAN    " "LOTT       " "TALENT     " "BOND       " "BAUCUS     " "BURNS      " "HAGEL      " "NELSON  BEN" "ENSIGN     " "REID       " "GREGG      " "SUNUNU     " "CORZINE    " "LAUTENBERG " "BINGAMAN   " "DOMENICI   " "CLINTON    " "SCHUMER    " "EDWARDS    " "DOLE       " "CONRAD     " "DORGAN     " "DEWINE     " "VOINOVICH  " "INHOFE     " "NICKLES  DO" "SMITH  GORD" "WYDEN      " "SANTORUM   " "SPECTER    " "CHAFEE     " "REED       " "HOLLINGS   " "GRAHAM     " "DASCHLE    " "JOHNSON    " "FRIST      " "ALEXANDER  " "CORNYN     " "HUTCHISON  " "BENNETT    " "HATCH      " "JEFFORDS   " "LEAHY      " "ALLEN      " "WARNER     " "CANTWELL   " "MURRAY     " "BYRD  ROBER" "ROCKEFELLER" "FEINGOLD   " "KOHL       " "ENZI       " "THOMAS     "
"1" 0 0 0 0 0 0 0 0 0 0 0 0 0 0 0 0 0 0 0 0 0 0 0 0 0 0 0 0 0 0 0 0 0 0 0 0 0 0 0 0 0 0 0 0 0 0 0 0 0 0 0 0 0 0 0 0 0 0 0 0 0 0 0 0 0 0 0 0 0 0 0 0 0 0 0 0 0 0 0 0 0 0 0 0 0 0 0 0 0 0 0 0 0 0 0 0 0 0 0 0
"2" 1 1 1 1 1 1 0 0 0 0 1 1 0 0 0 0 0 0 1 0 0 0 1 1 0 1 0 1 1 0 1 1 1 1 0 0 1 1 0 0 0 0 0 0 0 1 1 1 1 1 0 1 1 0 1 0 1 1 0 0 0 1 0 0 0 1 0 0 1 1 1 1 1 0 1 1 1 0 0 1 0 0 1 1 1 1 1 1 0 0 1 1 0 0 0 0 0 0 1 1
"3" 0 0 0 0 0 0 1 1 1 1 0 0 1 1 1 1 1 1 0 0 1 1 0 0 1 0 1 0 0 1 0 0 0 0 1 1 0 0 1 1 1 0 1 1 1 0 0 0 0 0 1 0 0 1 0 1 0 0 1 1 1 0 1 1 0 0 0 1 0 0 0 0 0 1 0 0 0 1 1 0 1 1 0 0 0 0 0 0 1 1 0 0 1 1 1 1 1 1 0 0
"4" 0 0 0 0 0 0 1 1 1 1 0 0 1 1 1 1 1 1 0 0 1 1 0 0 1 0 1 0 0 1 0 0 0 0 1 1 0 0 1 1 1 0 1 1 1 0 0 0 0 0 1 0 0 1 0 1 0 0 1 1 1 0 1 1 0 0 0 1 0 0 0 0 0 1 0 0 0 1 1 0 1 1 0 0 0 0 0 0 1 1 0 0 1 1 1 1 1 1 0 0
"5" 1 1 1 1 1 1 0 0 0 0 1 1 0 0 0 0 0 0 1 1 0 0 1 1 0 1 0 1 1 0 1 1 1 1 0 0 1 1 0 0 0 0 0 0 0 1 1 1 1 1 0 1 0 1 1 0 1 1 0 0 0 1 0 0 0 1 0 0 1 1 1 1 1 0 1 1 1 0 0 1 0 0 1 1 1 1 1 1 0 0 1 1 0 0 0 0 0 0 1 1
"6" 0 0 0 0 0 0 1 1 1 1 0 0 1 1 1 1 1 1 0 0 1 1 0 0 1 0 1 0 0 1 0 0 0 0 1 1 0 0 1 1 1 0 1 1 1 0 0 0 0 0 1 0 0 1 0 1 0 0 1 1 1 0 1 1 0 0 1 1 0 0 0 0 0 1 0 0 0 1 1 0 1 1 0 0 0 0 0 0 1 1 0 0 1 1 1 1 1 1 0 0
"7" 1 1 1 1 1 1 0 0 0 0 1 1 0 0 0 0 0 0 1 1 0 0 1 1 0 1 0 1 1 0 1 1 1 1 0 0 1 1 0 0 0 0 0 0 0 1 1 1 1 1 0 1 0 0 1 0 1 1 0 0 0 1 0 0 0 1 0 0 1 1 1 1 1 0 1 1 1 0 1 1 0 0 1 1 1 1 1 1 0 0 1 1 0 0 0 0 0 0 1 1
"8" 0 0 0 0 0 0 1 1 1 1 0 0 1 1 1 1 1 1 0 0 1 1 0 0 1 0 1 0 0 1 0 0 0 0 1 1 0 0 1 1 1 0 1 1 1 0 0 0 0 0 1 0 0 0 0 1 0 0 1 1 1 0 1 1 1 0 1 1 0 0 0 0 0 1 0 0 0 1 1 0 1 1 0 0 0 0 0 0 1 1 0 0 1 1 1 1 1 1 0 0
"9" 0 0 1 1 0 0 1 1 1 1 0 1 1 1 1 1 0 1 0 0 1 1 0 0 1 0 1 0 0 1 0 1 0 1 0 1 1 1 1 0 1 0 1 1 1 0 1 1 1 1 1 1 0 1 1 1 1 0 1 1 1 1 1 1 0 0 1 1 0 0 0 0 0 1 0 1 1 1 1 0 1 1 1 0 0 1 0 0 1 1 0 1 1 1 1 1 0 1 0 0
"10" 1 1 1 1 1 1 1 0 1 0 1 1 1 1 1 1 0 1 1 1 1 1 1 1 1 1 1 1 1 0 0 1 1 1 1 1 1 1 1 1 1 1 1 1 1 1 1 1 1 1 1 1 1 1 1 1 1 1 1 1 0 1 1 1 1 1 1 1 1 1 1 1 1 1 1 1 1 1 0 1 0 1 1 1 1 1 1 1 1 1 1 1 1 1 1 1 1 1 1 1
"11" 0 1 1 1 0 1 1 0 1 0 1 1 1 1 1 1 0 1 1 1 1 1 1 1 1 1 1 1 1 0 0 1 1 1 1 1 1 1 1 1 1 1 1 1 1 1 1 1 1 1 1 1 1 1 0 1 1 1 1 1 0 1 1 1 1 1 1 1 1 1 1 0 1 1 1 1 1 1 0 1 0 1 1 1 1 1 1 1 1 1 1 1 1 1 1 1 1 1 1 1
"12" 1 1 1 1 1 0 1 1 0 0 1 1 0 0 0 0 0 0 1 1 0 0 1 1 0 1 0 1 1 0 1 1 1 1 1 1 0 0 0 0 0 0 0 0 0 1 1 1 1 1 0 1 1 1 1 0 0 0 0 0 0 1 0 0 0 1 0 0 1 1 1 1 1 0 1 1 0 0 0 1 0 0 1 1 1 1 1 1 0 0 1 1 0 0 0 0 0 0 1 1
"13" 0 0 0 0 0 1 0 0 1 0 0 0 1 1 1 1 1 1 0 0 1 0 0 0 1 0 1 0 0 0 0 0 0 0 0 0 1 1 1 1 1 1 1 1 1 0 0 0 0 0 1 0 0 1 0 1 1 1 1 1 1 0 1 1 1 0 1 1 0 0 0 0 0 1 0 0 1 1 0 0 1 1 0 0 0 0 0 0 1 1 0 0 1 1 1 1 1 1 0 0
"14" 1 1 1 1 1 1 1 1 1 0 1 1 1 0 1 1 1 1 1 1 1 0 1 1 1 1 1 1 1 0 1 1 1 1 1 1 1 1 1 1 1 0 1 1 1 1 1 1 1 1 1 1 1 1 1 1 1 1 1 1 1 1 1 1 1 1 1 1 1 1 1 1 1 1 1 1 1 1 0 1 1 1 1 1 1 1 1 1 1 1 1 1 1 1 1 1 1 1 1 1
"15" 0 0 0 0 0 0 1 1 1 0 0 0 1 0 1 1 1 1 0 0 1 0 0 0 1 0 1 0 0 0 0 0 0 0 1 1 0 1 1 1 1 0 1 1 1 0 0 0 0 0 1 0 0 1 0 1 0 0 1 1 1 0 1 1 1 0 1 1 0 0 0 0 0 1 0 1 1 1 0 0 1 1 0 0 0 0 0 0 1 1 0 0 1 1 1 1 1 1 0 0
"16" 1 1 1 1 1 1 1 1 0 0 1 1 0 0 0 0 0 0 1 1 0 0 1 1 0 1 0 1 1 0 1 1 1 1 1 1 1 1 0 0 0 0 0 0 0 1 1 1 1 1 0 1 1 0 1 0 1 1 0 0 0 1 0 0 1 1 0 0 1 1 1 1 1 1 1 1 1 0 1 1 0 0 1 1 1 1 1 1 0 0 1 1 0 0 0 0 0 0 1 1
"17" 0 0 0 0 0 0 1 0 1 0 0 0 1 0 1 1 1 1 0 0 1 0 0 0 1 0 1 0 0 0 0 0 0 0 0 0 0 0 1 1 1 0 1 1 1 0 0 0 0 0 1 0 0 1 0 1 0 0 1 1 1 0 1 1 1 0 1 1 0 0 0 0 0 1 0 0 0 1 1 0 1 1 0 0 0 0 0 0 1 1 0 0 1 1 1 1 0 1 0 0
"18" 1 1 1 1 1 1 0 0 0 0 1 1 0 0 0 0 0 0 1 1 0 0 1 1 0 1 0 1 1 0 0 1 1 1 0 0 1 1 0 0 0 0 0 0 0 1 1 1 1 1 0 1 1 1 1 0 1 1 0 0 0 1 0 0 0 1 0 0 0 0 0 1 1 0 1 0 1 0 0 1 0 0 1 1 1 1 1 1 0 0 1 1 0 0 0 0 0 0 1 1
"19" 1 0 1 1 1 1 1 1 0 0 1 1 0 0 0 0 1 1 1 1 1 0 1 0 0 1 1 0 1 0 1 1 1 1 1 0 0 0 0 0 0 0 1 1 1 1 1 1 1 1 1 1 1 1 1 1 0 1 1 1 1 0 0 0 0 0 1 1 0 1 1 1 1 1 0 0 1 0 1 1 1 1 1 1 1 1 1 1 0 0 0 0 0 1 0 0 1 1 1 1
"20" 0 0 0 0 0 0 1 1 1 1 1 1 1 0 1 1 0 0 0 0 0 0 0 0 1 0 0 0 0 0 0 0 0 0 0 0 0 0 1 1 1 1 1 1 1 0 0 0 0 0 0 0 0 0 0 1 0 0 1 1 0 0 1 0 1 0 1 1 0 0 0 0 1 1 0 0 1 1 0 0 1 1 0 0 0 0 0 0 1 1 0 0 1 1 0 0 1 1 0 0
"21" 1 1 1 1 1 1 0 0 0 0 1 1 0 0 0 0 0 0 1 1 0 0 1 1 0 1 0 1 1 0 1 1 1 1 0 0 1 1 0 0 0 0 0 0 0 1 1 1 1 1 0 1 1 0 1 0 1 1 0 0 0 1 0 0 0 1 0 0 1 1 1 1 1 0 1 1 0 0 0 1 0 0 1 1 1 1 1 1 0 0 1 1 0 0 0 0 0 0 1 1
"22" 0 0 0 0 0 0 1 1 1 1 0 0 1 0 1 0 0 1 0 0 1 0 0 0 1 0 1 0 0 0 0 0 0 0 0 1 0 0 1 1 1 1 1 1 1 0 0 0 0 0 0 0 0 1 0 1 0 0 1 1 1 0 1 1 1 0 1 1 0 0 0 0 0 1 0 0 1 1 1 0 1 1 0 0 0 0 0 0 1 1 0 0 1 1 1 1 0 1 0 0
"23" 0 0 1 1 0 0 1 1 1 1 1 1 1 0 0 0 1 1 1 1 1 0 1 1 1 0 1 1 1 0 1 1 1 1 1 1 0 0 1 1 1 0 0 0 0 0 1 1 0 1 0 1 1 1 0 1 0 0 1 1 1 1 1 1 1 0 1 1 0 0 0 0 0 0 1 1 0 1 1 0 1 1 1 0 1 0 1 0 1 0 1 1 0 0 1 1 0 1 1 1
"24" 1 1 1 1 0 0 1 1 0 0 1 1 0 0 0 0 0 1 1 1 0 0 1 1 1 1 0 1 1 0 1 1 1 1 1 1 1 1 1 1 1 0 0 0 0 0 1 1 1 1 1 1 1 1 0 1 1 0 1 0 0 1 0 0 0 1 1 1 1 0 1 1 1 0 1 1 1 0 1 1 1 1 1 1 1 1 1 1 0 0 1 1 0 0 1 1 0 1 1 1
"25" 1 1 1 1 1 1 0 0 0 0 1 1 0 0 0 0 0 0 1 1 0 0 1 1 0 1 0 1 1 0 1 1 1 1 1 0 0 0 0 0 0 0 0 0 0 1 1 1 1 1 0 1 1 0 1 0 1 1 0 0 0 1 0 0 0 1 0 0 1 1 1 1 1 0 1 1 0 0 0 1 0 0 1 1 1 1 1 1 0 0 1 1 0 0 0 0 0 0 1 1
"26" 1 1 1 1 1 1 0 0 0 0 1 1 0 0 0 0 0 0 1 1 0 0 1 1 0 1 0 1 1 0 1 1 1 1 0 0 1 0 0 0 0 0 0 0 0 1 1 1 1 1 0 1 1 0 1 0 1 1 0 0 0 1 0 0 0 1 0 0 1 1 1 1 1 0 1 0 1 0 0 1 0 0 1 1 1 1 1 1 0 0 1 1 0 0 0 0 0 0 1 1
"27" 0 0 0 0 0 0 1 1 1 1 0 0 1 1 1 1 1 1 0 0 1 0 0 0 1 0 1 0 0 0 0 0 0 0 1 1 0 1 1 1 1 0 1 1 1 0 0 0 0 0 1 0 0 1 0 1 0 0 1 1 1 0 1 1 1 0 1 1 0 0 0 0 0 1 0 1 0 1 1 0 1 1 0 0 0 0 0 0 1 1 0 0 1 1 1 1 1 1 0 0
"28" 1 1 1 1 1 1 0 0 0 0 1 1 0 0 0 0 0 0 1 1 0 0 1 1 0 1 0 1 1 0 1 1 1 1 1 0 0 1 0 0 0 0 0 0 0 1 1 1 1 1 0 1 1 1 1 0 1 1 0 0 0 1 0 0 0 1 0 0 1 1 1 1 1 0 1 1 1 0 0 1 0 0 1 1 1 1 1 1 0 0 1 1 0 0 0 0 0 0 1 1
"29" 1 1 1 1 1 1 1 1 0 0 1 1 0 0 0 1 0 1 1 1 0 0 1 1 0 0 1 1 1 0 1 1 1 1 1 1 1 1 1 0 0 0 0 0 0 1 1 1 1 1 1 1 1 1 1 0 1 1 0 0 1 1 0 0 0 1 1 1 1 1 1 1 1 1 1 1 1 0 1 1 0 0 1 1 1 1 1 1 0 0 1 1 1 1 1 0 0 0 1 1
"30" 1 1 1 1 1 1 1 1 1 1 1 1 1 1 1 1 1 1 1 1 1 1 1 1 1 1 1 1 1 1 1 1 1 1 1 1 1 1 1 1 1 1 1 1 1 1 1 1 1 1 1 1 1 1 1 1 1 1 1 0 1 1 1 1 1 1 1 1 1 1 1 1 1 1 1 1 1 1 1 1 1 1 1 1 1 1 1 1 1 1 1 1 1 1 1 1 1 1 1 1
"31" 1 1 1 1 1 1 1 1 1 1 1 1 1 1 1 1 0 1 1 0 1 1 1 1 1 1 1 1 1 0 1 1 1 0 1 1 1 1 1 1 1 1 1 1 1 1 1 1 1 1 1 1 1 1 1 1 1 1 1 0 1 1 1 1 1 1 1 1 1 1 1 1 1 1 1 1 1 1 1 1 1 1 1 1 1 1 1 1 1 1 1 1 1 1 1 1 1 1 1 1
"32" 1 1 1 1 1 1 1 1 1 1 1 1 1 1 0 1 0 1 1 0 1 1 1 1 0 1 1 1 1 1 1 1 1 0 1 1 1 1 1 1 1 0 1 1 1 1 1 1 1 1 1 1 1 1 1 1 1 1 0 0 1 1 1 1 1 1 1 1 1 1 1 1 1 1 1 1 1 1 1 1 1 1 1 1 0 1 1 1 1 1 1 1 1 1 1 1 1 1 1 1
"33" 1 1 1 1 1 1 1 1 1 1 1 1 1 1 0 1 0 1 1 1 1 1 1 1 0 1 1 1 1 1 1 1 1 0 1 1 1 1 1 1 1 0 1 1 1 1 1 1 1 1 1 1 1 1 1 1 1 1 0 1 1 1 1 1 1 1 1 1 1 1 1 1 1 1 1 1 1 1 1 1 1 1 1 1 1 1 1 1 1 1 1 1 1 1 1 1 1 1 1 1
"34" 1 1 1 1 1 1 1 1 1 1 1 1 1 1 0 1 0 1 1 1 1 1 1 1 0 1 1 1 1 1 1 1 1 0 1 1 1 1 1 1 1 0 1 1 1 1 1 0 1 1 1 1 1 1 1 1 1 1 0 1 1 1 1 1 1 1 1 1 1 1 1 0 1 1 1 1 1 1 1 1 1 1 1 1 1 1 1 1 0 1 1 1 1 1 1 1 1 1 1 1
"35" 1 1 1 1 1 1 0 1 0 1 1 1 0 0 1 1 0 1 1 1 1 1 1 1 0 0 1 1 1 1 1 1 1 0 1 1 1 1 1 0 0 0 1 0 0 1 1 1 1 1 1 1 1 1 1 0 1 1 0 0 0 1 1 1 0 1 0 1 1 1 1 1 1 1 1 1 1 1 1 1 0 1 1 1 1 1 1 1 0 0 1 1 1 1 1 0 0 1 1 1
"36" 1 1 0 0 1 1 1 0 1 1 1 1 1 0 0 1 0 0 1 1 1 1 1 1 1 1 1 1 1 1 0 1 1 1 1 1 1 1 1 1 1 0 1 1 1 1 1 1 1 1 1 1 1 0 1 1 1 1 1 1 1 1 1 1 1 1 1 1 1 1 1 1 1 0 1 1 0 0 1 1 0 1 1 1 1 1 1 1 0 1 1 1 1 1 0 1 1 1 1 1
"37" 1 1 1 1 1 1 1 1 1 0 1 1 1 0 0 0 0 1 1 1 1 0 1 1 1 1 1 1 1 0 1 1 1 0 0 0 1 1 0 0 0 0 1 1 1 1 1 1 1 1 1 1 0 1 1 1 1 1 1 0 0 1 1 1 0 1 0 1 1 1 1 1 1 0 1 1 0 0 0 1 1 0 1 1 1 1 1 1 0 1 1 1 1 1 0 0 1 1 1 1
"38" 1 1 1 1 1 1 1 1 1 1 1 1 1 0 0 0 0 1 1 1 1 0 1 1 1 1 1 1 1 0 1 1 1 0 0 0 1 1 0 0 0 0 1 1 1 1 1 0 1 1 1 1 0 1 1 1 1 1 1 0 0 1 1 1 0 1 0 1 1 1 1 1 1 0 1 1 0 0 1 1 1 0 1 1 1 1 1 1 0 1 1 1 1 1 0 0 1 1 1 1
"39" 1 1 0 1 1 1 1 1 1 1 1 1 0 0 1 1 0 1 1 0 1 1 1 1 0 1 1 1 1 1 1 1 1 0 1 0 1 1 1 1 1 1 1 1 1 1 1 1 1 0 1 1 1 1 1 1 1 1 0 1 1 0 1 1 1 1 1 1 1 1 1 1 1 1 1 1 1 1 1 1 1 1 1 1 1 1 1 1 1 1 1 1 1 1 1 1 1 1 1 1
"40" 1 1 1 1 1 1 1 1 1 1 1 1 1 1 1 1 0 1 1 1 1 1 1 1 1 1 1 1 1 1 1 1 1 0 1 0 1 1 1 1 1 0 1 1 1 1 1 1 1 1 1 1 1 1 1 1 1 1 1 1 1 0 1 1 0 1 1 1 1 1 1 1 1 1 1 1 1 1 1 1 1 1 1 1 1 1 1 1 1 1 1 1 1 1 1 1 1 1 1 1
"41" 1 1 1 1 1 1 0 0 0 0 1 1 0 0 0 0 0 1 1 1 0 0 1 1 0 1 0 1 1 0 1 1 1 1 1 0 1 1 0 0 0 0 0 0 0 1 1 1 1 1 0 1 1 1 1 0 1 1 0 0 0 1 0 0 0 1 0 0 1 1 1 1 1 0 1 1 1 0 0 1 0 0 1 1 1 1 1 1 0 0 1 1 0 0 0 0 0 0 1 1
"42" 0 0 0 0 0 0 1 1 1 1 0 0 1 1 0 1 0 0 0 0 1 1 0 0 1 0 1 0 0 1 0 0 0 0 1 1 0 0 1 1 1 1 1 1 1 0 0 0 0 0 1 0 0 1 0 1 0 0 1 1 1 0 1 1 1 0 1 1 0 0 0 0 0 1 0 0 0 1 1 0 1 1 0 0 0 0 0 0 1 1 0 0 1 1 0 1 1 1 0 0
"43" 0 0 0 0 0 0 1 1 1 1 0 0 0 1 0 1 0 1 0 0 1 1 0 0 1 0 1 0 0 1 0 0 0 0 1 1 0 0 1 1 1 1 1 1 1 0 0 0 0 0 1 0 0 1 0 1 0 0 1 1 1 0 1 1 1 0 1 1 0 0 0 0 0 1 0 0 0 1 1 0 1 1 0 0 0 0 0 0 1 1 0 0 1 1 1 1 1 1 0 0
"44" 1 1 1 1 1 1 1 1 1 1 1 1 1 1 1 1 0 1 1 0 1 1 1 1 1 1 1 1 1 1 1 1 1 0 1 1 1 1 1 1 1 1 1 1 1 1 1 1 1 1 1 1 1 1 1 1 1 1 1 1 1 0 1 1 1 1 1 1 1 1 1 1 0 1 1 1 1 1 1 1 1 1 1 1 1 1 1 1 1 1 1 1 1 1 1 1 1 1 1 1
"45" 1 1 0 1 1 1 1 1 1 1 1 1 1 0 0 1 0 1 1 1 1 1 1 1 1 1 1 1 1 1 1 1 1 0 1 1 1 1 1 1 1 0 1 1 1 1 1 1 1 1 1 1 1 1 1 1 1 1 0 1 1 1 1 0 1 1 1 1 1 1 1 1 0 1 1 1 1 1 1 1 1 1 1 1 1 1 1 1 1 1 1 1 1 1 1 1 1 1 1 1
"46" 0 0 0 0 0 0 1 1 1 1 0 1 1 1 0 1 0 1 0 0 1 1 0 0 1 0 1 0 0 1 0 0 0 0 0 1 1 1 1 1 1 0 1 1 1 0 0 0 0 0 1 0 0 0 0 1 0 0 1 1 1 0 1 1 1 0 1 1 0 0 0 0 1 1 0 0 1 1 1 0 1 1 0 0 0 0 0 0 1 1 0 1 1 1 1 1 1 1 0 0
"47" 1 1 1 1 1 1 0 0 0 0 1 1 0 0 0 0 0 0 1 1 0 0 1 1 0 1 0 1 1 0 1 1 1 1 1 0 0 0 0 0 0 0 0 0 1 1 1 1 1 1 0 1 1 1 1 0 1 1 1 0 0 1 1 1 0 1 1 1 1 1 1 1 1 0 1 0 0 0 1 1 0 0 1 1 1 1 1 1 1 0 1 1 1 1 0 0 0 0 1 1
"48" 0 0 0 0 0 0 0 1 1 1 0 0 1 1 0 1 1 1 0 0 1 1 0 0 1 0 1 0 0 1 0 0 0 0 0 1 0 1 1 1 1 0 1 1 1 0 0 0 0 0 1 0 0 0 0 1 0 0 1 1 1 0 1 1 1 0 1 0 0 0 0 0 0 1 0 0 1 1 0 0 1 1 0 0 0 0 0 0 1 1 0 0 1 1 0 1 1 1 0 0
"49" 0 0 1 1 0 0 0 1 1 1 0 1 1 1 0 1 1 1 0 0 1 1 0 0 1 0 1 0 0 1 0 0 0 0 0 1 1 1 1 1 1 1 1 1 1 0 0 0 0 0 1 0 0 0 0 0 0 0 1 1 1 0 1 1 1 0 1 1 0 0 0 0 0 1 0 1 1 1 1 0 1 1 0 0 0 1 0 0 1 1 0 1 1 1 1 1 1 1 0 0
"50" 0 0 0 0 0 0 0 1 1 1 0 0 1 1 0 1 1 1 0 0 1 1 0 0 1 0 1 0 0 1 0 0 0 0 0 0 0 0 1 1 1 0 1 1 1 0 0 0 0 0 1 0 0 0 0 0 0 0 1 1 1 0 1 1 0 0 0 0 0 0 0 0 0 1 0 0 1 1 0 0 1 1 0 0 0 0 0 0 1 1 0 0 1 1 0 0 0 1 0 0
"51" 1 1 1 1 1 1 1 1 1 1 1 1 1 1 0 1 1 1 1 1 1 1 1 1 1 1 1 1 1 1 1 1 1 0 1 1 1 1 1 1 1 0 1 1 1 1 1 1 1 0 1 1 1 1 1 1 1 1 1 1 1 0 1 1 0 1 0 1 1 1 1 0 1 1 1 1 1 1 1 1 0 1 1 1 1 1 1 1 1 1 1 1 1 1 1 1 1 1 1 1
"52" 1 1 1 1 1 1 1 1 0 0 1 1 0 0 0 1 0 0 1 1 0 0 1 1 0 1 1 1 1 0 1 1 1 1 1 1 0 0 0 0 0 0 0 0 0 1 1 1 1 1 0 1 1 1 1 1 1 1 0 0 0 1 0 0 0 1 1 1 1 1 1 1 1 0 1 1 0 0 1 1 1 1 1 1 1 1 1 1 0 1 1 1 0 0 1 0 0 0 1 1
"53" 1 1 1 1 1 1 1 1 1 1 1 1 1 1 0 1 1 1 1 1 1 1 1 1 1 1 1 1 1 1 1 1 1 1 1 1 1 1 1 1 1 0 1 1 1 1 1 1 1 1 1 1 1 1 1 1 1 1 1 1 1 1 1 1 0 1 1 1 1 1 1 1 1 1 1 1 1 1 1 1 1 1 1 1 1 1 1 1 1 1 1 1 1 1 1 1 1 1 1 1
"54" 1 1 1 1 1 1 0 0 0 0 1 1 0 0 0 0 0 1 1 1 0 0 1 1 0 1 0 1 1 0 1 1 1 1 1 0 1 1 0 0 0 0 0 0 0 1 1 1 1 1 0 1 1 1 1 0 1 1 0 0 0 1 0 0 0 1 0 0 1 1 1 1 1 0 1 1 1 0 0 1 0 0 1 1 1 1 1 1 0 0 1 1 0 0 0 0 0 0 1 1
"55" 1 1 1 1 0 1 1 1 0 0 1 0 1 1 0 1 1 1 1 1 1 0 1 1 0 1 1 1 1 0 1 1 1 0 1 1 1 1 0 0 0 0 0 0 0 1 1 1 1 1 1 1 1 1 1 1 1 1 0 0 1 1 0 1 0 1 1 1 1 1 1 1 1 0 1 1 1 0 1 1 1 1 1 1 1 0 1 1 1 1 1 1 1 0 0 1 0 1 1 1
"56" 1 1 1 1 0 1 1 1 1 1 1 0 1 1 0 1 1 1 1 0 1 1 1 1 1 1 1 1 1 1 1 1 1 0 1 1 1 1 1 1 1 0 1 1 1 1 1 1 1 1 1 1 1 1 1 1 1 1 1 1 1 1 1 1 0 1 1 1 1 1 1 1 1 1 1 1 1 1 1 1 1 1 1 1 1 0 1 1 1 1 1 1 1 1 1 1 1 1 1 1
"57" 1 1 1 1 1 1 0 0 0 0 1 1 0 0 0 0 0 1 1 1 0 0 1 1 0 1 0 1 1 0 1 1 1 1 1 0 1 1 0 0 0 0 0 0 0 1 1 1 1 1 0 1 1 1 1 0 1 1 0 0 0 1 0 0 0 1 0 0 1 1 1 1 1 0 1 1 1 0 0 1 0 0 1 1 1 1 1 1 0 0 1 1 0 0 0 0 0 0 1 1
"58" 0 0 0 0 0 0 1 1 1 1 0 0 1 1 1 1 1 1 0 0 1 1 0 0 1 0 0 0 0 1 0 0 0 0 0 1 0 0 1 1 1 1 1 1 1 0 0 0 0 0 0 0 0 0 0 1 0 0 1 1 1 0 1 1 0 0 1 1 0 0 0 0 0 1 0 0 0 1 1 0 1 1 0 0 0 0 0 0 1 1 0 0 1 1 1 1 1 1 0 0
"59" 1 1 1 1 1 1 0 0 0 0 1 1 0 0 0 0 0 0 1 1 0 0 1 1 0 1 1 1 1 0 1 1 1 1 1 0 1 1 0 0 0 0 0 0 1 1 1 1 1 1 1 1 1 1 1 0 1 1 0 0 0 1 0 0 0 1 0 0 1 1 1 1 1 0 1 1 1 0 0 1 0 0 1 1 1 1 1 1 0 0 1 1 0 0 0 0 0 0 1 1
"60" 0 0 0 0 0 1 1 1 1 1 0 0 1 1 1 1 1 1 0 0 0 0 0 0 1 1 1 0 0 1 0 0 0 0 0 0 1 1 1 1 1 1 1 1 1 1 0 0 0 0 1 0 0 1 0 1 0 0 1 1 1 0 1 1 1 0 1 1 1 0 0 0 1 1 0 0 1 1 1 0 1 1 0 0 0 0 0 0 1 1 0 0 1 1 1 1 1 1 0 0
"61" 1 1 1 1 1 1 0 0 0 0 1 0 0 0 0 0 0 0 1 1 0 0 1 1 0 1 0 1 1 0 1 1 1 1 0 0 0 1 0 0 0 0 0 0 0 1 1 1 1 1 0 1 1 0 1 0 1 1 0 0 0 1 0 0 0 1 0 0 1 1 1 1 1 0 1 1 1 0 0 1 0 0 1 1 1 1 1 1 0 0 1 1 0 0 0 0 0 0 1 1
"62" 1 1 1 1 1 1 1 1 1 1 1 1 1 1 1 1 1 1 1 0 1 1 1 1 1 1 1 1 1 1 1 1 1 1 1 1 1 1 1 1 1 1 1 1 1 1 1 1 1 1 1 1 1 1 1 1 1 1 1 1 1 1 1 1 1 1 1 1 1 1 1 1 1 1 1 1 1 1 1 1 1 1 1 1 1 1 1 1 1 1 1 1 1 1 1 1 1 1 1 1
"63" 1 1 1 1 1 0 0 1 0 0 1 1 0 0 0 0 0 1 1 0 0 0 1 1 0 1 0 1 1 0 1 1 1 1 0 0 0 0 0 0 0 0 0 0 0 1 1 1 1 1 0 1 1 1 1 0 1 1 0 0 0 1 0 0 0 1 0 0 1 1 1 1 1 1 1 1 0 0 0 1 0 0 1 1 1 1 1 1 0 0 1 1 0 0 0 0 0 0 1 1
"64" 1 1 1 1 1 1 0 0 0 0 1 1 0 0 0 0 0 0 1 0 0 0 1 1 0 1 0 1 1 0 1 1 1 1 1 0 1 1 0 0 0 0 0 0 0 1 1 1 1 1 1 1 1 1 1 0 1 1 0 0 0 1 0 0 0 1 0 0 1 1 1 1 1 0 1 1 1 0 0 1 0 0 1 1 1 1 1 1 1 0 1 1 0 0 0 0 0 0 1 1
"65" 0 0 1 1 0 0 1 1 1 1 0 1 1 1 1 1 1 1 1 0 1 1 0 0 1 1 1 1 1 1 1 1 1 0 1 1 1 1 1 1 1 1 1 1 1 1 1 0 1 1 1 1 1 1 0 1 0 0 1 1 1 1 1 1 1 1 1 1 1 1 0 0 1 1 0 1 1 1 1 0 1 1 1 1 1 1 1 1 1 1 0 1 1 1 1 1 1 1 0 0
"66" 0 0 0 0 0 0 1 1 1 1 0 0 1 1 1 1 1 1 0 0 1 1 0 0 1 0 1 0 0 1 0 0 0 0 0 1 0 0 1 1 1 1 1 1 1 0 0 0 0 0 0 0 0 0 0 1 0 0 1 1 1 0 1 1 1 0 1 1 0 0 0 0 0 1 0 0 0 1 1 0 1 1 0 0 0 0 0 0 1 1 0 0 1 1 1 1 1 1 0 0
"67" 1 1 1 1 1 1 1 1 1 1 1 1 1 1 1 1 1 1 1 0 1 1 1 1 1 1 1 1 1 1 1 1 1 1 1 1 1 1 1 1 1 1 1 1 1 1 1 1 1 1 1 1 1 1 1 1 1 1 1 1 1 1 1 1 1 1 1 1 1 1 1 1 1 1 1 1 1 1 1 1 0 1 0 1 1 1 1 1 1 1 1 1 1 1 1 1 1 1 1 1
"68" 0 0 0 0 0 1 1 1 1 1 0 0 1 1 1 1 1 1 0 0 1 1 0 0 1 0 1 0 0 1 0 0 0 0 1 1 1 0 1 1 1 1 1 1 1 0 0 0 0 0 1 0 0 1 0 1 0 0 1 1 1 0 1 1 1 0 1 1 0 0 0 0 0 1 0 0 1 1 1 0 1 1 1 0 0 0 0 0 1 1 0 0 1 1 1 1 1 1 0 0
"69" 0 0 0 0 0 1 1 1 1 1 0 0 1 1 1 1 1 1 0 0 1 1 0 0 1 0 1 0 0 1 0 0 0 0 0 1 0 0 1 1 1 1 1 1 1 0 0 0 0 0 0 0 0 0 0 1 0 0 1 1 1 0 1 1 1 0 1 1 0 0 0 0 0 1 0 0 0 1 1 0 1 1 0 0 0 0 0 0 1 1 0 0 1 1 1 1 1 1 0 0
"70" 0 0 0 0 0 0 0 0 1 1 0 0 1 0 1 1 1 0 0 0 1 1 0 0 1 0 0 0 0 1 0 0 0 0 0 0 0 0 0 1 1 0 0 1 0 0 0 0 0 0 0 0 0 0 0 0 0 0 1 1 0 0 0 0 0 0 0 0 0 0 0 0 0 0 0 0 1 0 1 0 0 0 0 0 0 0 0 0 1 1 0 0 0 0 1 1 1 0 0 0
"71" 0 0 0 0 0 0 1 1 1 1 0 0 1 1 1 1 1 1 0 0 1 1 0 0 1 0 1 0 0 1 0 0 0 0 0 1 0 0 1 1 1 1 1 1 1 0 0 0 0 0 0 0 0 1 0 1 0 0 1 1 1 0 1 1 1 0 1 1 0 0 0 0 0 1 0 0 1 1 1 0 1 1 0 0 0 0 0 0 1 1 0 0 1 1 1 1 1 1 0 0
"72" 1 1 1 1 0 1 1 1 1 1 1 1 1 1 1 1 1 1 1 0 0 1 1 1 1 1 1 1 1 0 1 1 1 1 1 1 1 1 1 1 1 1 1 0 0 1 1 1 1 1 1 1 1 1 1 1 1 1 1 0 1 1 0 1 1 1 1 1 1 1 1 1 1 1 1 1 1 1 0 1 1 1 1 1 1 1 1 1 0 1 1 1 1 1 1 1 1 0 1 1
"73" 0 0 0 0 0 0 1 1 1 1 0 0 1 1 1 1 1 1 0 0 1 1 0 0 1 0 1 0 0 1 0 0 0 0 0 1 0 0 1 1 1 1 1 1 1 0 0 0 0 0 0 0 0 1 0 1 0 0 1 1 0 0 1 1 1 0 1 1 0 0 0 0 0 1 0 0 0 1 1 0 1 1 0 0 0 0 0 0 1 1 0 0 1 1 1 1 1 1 0 0
"74" 0 0 0 0 0 0 1 1 1 1 0 0 1 1 1 1 1 1 0 0 1 1 0 0 1 0 1 0 0 1 0 0 0 0 1 1 0 0 1 1 1 1 1 1 1 0 0 0 0 0 1 0 0 1 0 1 0 0 1 1 1 0 1 1 1 0 1 1 0 0 0 0 0 1 0 0 0 1 1 0 1 1 0 0 0 0 0 0 1 1 0 0 1 1 1 1 1 1 0 0
"75" 0 0 0 0 0 0 1 1 1 1 0 0 1 1 1 1 1 1 0 0 1 1 0 0 1 0 1 0 0 1 0 0 0 0 1 1 0 0 1 1 1 1 1 1 1 0 0 0 0 0 1 0 0 1 0 1 0 0 1 1 1 0 1 1 1 0 1 1 0 0 0 0 0 1 0 0 1 1 1 0 1 1 0 0 0 0 0 0 1 1 0 0 1 1 1 1 1 1 0 0
"76" 1 1 1 1 1 1 0 0 0 0 1 1 0 0 0 0 0 1 1 1 0 0 1 1 0 1 1 1 1 0 1 1 1 1 1 0 1 1 0 0 0 0 0 0 0 1 1 1 1 1 1 1 1 1 1 0 1 1 0 0 0 1 0 0 0 1 0 0 1 1 1 1 1 0 1 1 1 0 1 1 0 0 1 1 1 1 1 1 0 0 1 1 0 0 0 0 0 0 1 1
"77" 0 0 0 0 0 0 1 1 1 0 0 0 0 1 1 1 1 1 0 0 0 1 0 0 0 0 1 0 0 0 0 0 0 0 1 1 0 1 1 1 0 1 1 1 1 0 0 0 0 0 1 0 0 1 0 1 0 0 1 0 1 0 0 1 1 0 1 1 0 1 0 0 0 1 0 0 0 0 0 0 1 1 0 0 0 0 0 0 0 1 0 0 1 1 0 1 1 1 0 0
"78" 0 0 0 0 0 0 1 1 1 1 0 0 1 1 1 1 1 1 0 0 1 1 0 0 1 0 1 0 0 1 0 0 0 0 1 1 0 1 1 1 1 1 1 1 1 0 0 0 0 0 1 0 0 1 0 1 0 0 1 1 1 0 1 1 1 0 1 1 0 0 0 0 0 1 0 1 1 1 1 0 1 1 0 0 0 0 0 0 1 1 0 0 1 1 1 1 1 1 0 0
"79" 0 0 0 0 0 0 1 1 1 1 0 0 1 1 1 1 1 1 0 0 1 1 0 0 1 0 1 0 0 1 0 0 0 0 1 1 0 0 1 1 1 1 1 1 1 0 0 0 0 0 1 0 0 1 0 1 0 0 1 1 1 0 1 1 1 0 1 1 0 0 0 0 0 1 0 0 0 1 1 0 1 1 0 0 0 0 0 0 1 1 0 0 1 1 1 1 1 1 0 0
"80" 0 1 1 1 0 0 1 1 1 1 0 1 1 1 1 1 1 1 0 0 1 1 1 1 1 1 1 0 0 1 1 1 1 0 1 1 1 1 1 1 1 1 1 1 1 1 1 1 1 1 1 1 1 1 0 1 0 0 1 1 1 1 1 1 1 1 1 1 1 0 1 0 1 1 0 1 1 1 1 1 1 1 0 1 0 0 1 1 1 1 1 1 1 1 1 1 0 1 0 0
"81" 1 1 1 1 1 1 1 1 1 1 1 1 1 0 1 1 1 1 1 0 1 1 1 1 1 1 1 1 1 1 1 1 1 1 1 0 1 1 1 1 1 1 1 1 1 1 1 1 1 1 1 1 1 1 1 1 1 1 1 1 1 1 1 1 1 1 1 1 1 0 1 1 1 1 1 1 1 1 1 1 1 1 1 1 1 1 1 1 1 1 1 1 1 1 1 1 1 1 1 1
"82" 0 0 0 0 0 0 1 1 1 1 0 0 1 0 1 1 1 1 0 0 1 1 0 0 1 0 1 0 0 1 0 0 0 0 1 0 0 0 1 1 1 1 1 1 1 0 0 0 0 0 1 0 0 1 0 1 0 0 1 1 1 0 1 1 1 0 1 1 0 0 0 0 0 1 0 0 0 1 1 0 1 1 0 0 0 0 0 0 1 1 0 0 1 1 1 1 1 1 0 0
"83" 0 0 0 0 0 0 1 1 1 1 0 0 1 0 1 1 1 1 0 0 1 1 0 0 1 0 1 0 0 1 0 0 0 0 0 0 1 0 1 1 1 1 1 1 1 0 0 0 0 0 1 0 0 1 0 1 0 0 1 1 1 0 1 1 1 0 1 1 0 0 0 0 0 1 0 0 0 1 1 0 1 1 0 0 0 0 0 0 1 1 0 0 1 1 1 1 1 1 0 0
"84" 0 0 0 0 0 0 1 0 1 1 0 0 1 1 1 1 1 1 0 0 1 1 0 0 1 0 0 0 0 1 0 0 0 0 0 1 0 0 1 1 1 1 1 1 1 0 0 0 0 0 0 0 0 0 0 1 0 0 1 1 1 0 1 1 1 0 1 1 0 0 0 0 0 1 0 0 0 1 1 0 1 1 0 0 0 0 0 0 1 1 0 0 1 1 1 1 1 1 0 0
"85" 0 0 0 0 0 0 1 1 1 1 0 0 1 1 1 1 1 1 0 0 1 1 0 0 1 0 1 0 0 1 0 0 0 0 0 1 0 0 1 1 1 1 1 1 1 0 0 0 0 0 1 0 0 0 0 1 0 0 1 1 1 0 1 1 1 0 1 1 0 0 0 0 0 1 0 0 1 1 1 0 1 1 0 0 0 0 0 0 0 1 0 0 1 1 1 1 1 1 0 0
"86" 0 0 0 0 0 0 1 1 1 1 0 0 1 1 1 1 1 1 0 0 1 1 0 0 1 0 1 0 0 1 0 0 0 0 1 1 0 0 1 1 1 1 1 1 1 0 0 0 0 0 1 0 0 1 0 1 0 0 1 1 1 0 1 1 1 0 1 1 0 0 0 0 0 1 0 0 0 1 1 0 1 1 0 0 0 0 0 0 1 1 0 0 1 1 1 1 1 1 0 0
"87" 0 0 0 0 0 0 1 1 1 1 0 0 1 1 1 1 1 1 0 0 1 1 0 0 1 0 1 0 0 1 0 0 0 0 1 1 0 0 1 1 1 1 1 1 1 0 0 0 0 0 1 0 0 1 0 1 0 0 1 1 1 0 1 1 1 0 1 1 0 0 0 0 0 1 0 0 0 1 1 0 1 1 0 0 0 0 0 0 1 1 0 0 1 1 1 1 1 1 0 0
"88" 0 0 0 0 0 0 1 1 1 1 0 0 1 1 1 1 1 1 0 0 1 1 0 0 1 0 1 0 0 1 0 0 0 0 1 1 0 0 1 1 1 1 1 1 1 0 0 0 0 0 1 0 0 1 0 1 0 0 1 1 1 0 1 1 1 0 1 1 0 0 0 0 0 1 0 0 0 1 1 0 1 1 0 0 0 0 0 0 1 1 0 0 1 1 1 1 1 1 0 0
"89" 0 0 0 0 0 0 1 1 1 1 0 0 1 1 1 1 1 1 0 0 1 1 0 0 1 0 1 0 0 1 0 0 0 0 1 1 0 0 1 1 1 1 1 1 1 0 0 0 0 0 1 0 0 0 0 1 0 0 1 1 1 0 1 1 1 0 1 1 0 0 0 0 0 1 0 0 0 1 1 0 1 1 0 0 0 0 0 0 1 1 0 0 1 1 1 1 1 1 0 0
"90" 0 0 0 0 0 0 1 1 1 1 0 0 1 1 1 1 1 1 0 0 1 1 0 0 1 0 1 0 0 1 0 0 0 0 1 1 1 0 1 1 1 1 1 1 1 0 0 0 0 0 1 0 0 1 0 1 0 0 1 1 1 0 1 1 1 0 1 1 0 0 0 0 0 1 0 0 0 1 1 0 1 1 0 0 0 0 0 0 1 1 0 0 1 1 1 1 1 1 0 0
"91" 0 0 0 0 0 0 1 1 1 1 0 0 1 1 1 1 1 1 0 0 1 1 0 0 1 0 1 0 0 1 0 0 0 0 1 1 0 1 1 1 1 1 1 1 1 0 0 0 0 0 1 0 0 1 0 1 0 0 1 1 1 0 1 1 1 0 1 1 0 0 0 0 0 1 0 0 0 1 1 0 1 1 0 0 0 0 0 0 1 1 0 0 1 1 1 1 1 1 0 0
"92" 0 0 0 0 0 0 1 1 1 1 0 0 1 1 1 1 1 1 0 0 1 1 0 0 1 0 1 0 0 1 0 0 0 0 1 1 0 0 1 1 1 1 1 1 1 0 0 0 0 0 1 0 0 1 0 1 0 0 1 1 1 0 1 1 1 0 1 1 0 0 0 0 0 1 0 0 0 1 1 0 1 1 0 0 0 0 0 0 1 1 0 0 1 1 1 1 1 1 0 0
"93" 0 0 0 0 0 0 1 1 1 1 0 0 1 1 1 1 1 1 0 0 1 1 0 0 1 0 1 0 0 1 0 0 0 0 1 1 0 0 1 1 1 1 1 1 1 0 0 0 0 0 1 0 0 1 0 1 0 0 1 1 1 0 1 1 1 0 1 1 1 0 0 0 0 1 0 0 0 1 1 0 1 1 0 0 0 0 0 0 1 1 0 0 1 1 1 1 1 1 0 0
"94" 0 0 0 0 0 0 1 1 1 1 0 0 1 1 1 1 1 1 0 0 1 1 0 0 1 0 1 0 0 1 0 0 0 0 1 1 0 1 1 1 1 1 1 1 1 0 0 0 0 0 1 0 0 1 0 1 0 0 1 1 1 0 1 1 1 0 1 1 0 1 0 0 0 1 0 0 1 1 1 0 1 1 0 0 0 0 0 0 1 1 0 0 1 1 1 1 1 1 0 0
"95" 1 1 1 1 1 1 0 0 0 0 1 1 0 0 0 0 0 0 1 0 0 0 1 1 0 1 0 1 1 0 1 1 1 1 0 0 1 1 0 0 0 0 0 0 0 1 1 1 1 1 0 1 1 0 1 0 1 1 0 0 0 1 0 0 0 1 0 0 1 0 1 1 1 0 1 1 0 0 0 1 0 0 0 1 1 1 1 1 0 0 1 1 0 0 0 0 0 0 1 1
"96" 0 0 0 0 0 0 1 1 1 1 0 0 1 1 1 1 1 1 0 0 1 1 0 0 1 0 0 0 0 1 0 0 0 0 0 1 0 0 1 1 1 1 1 1 1 0 0 0 0 0 0 0 0 0 0 1 0 0 1 1 1 0 1 1 1 0 1 1 0 0 0 0 0 1 0 0 1 0 0 0 1 1 0 0 0 0 0 0 1 1 0 0 1 1 0 1 1 1 0 0
"97" 0 0 0 0 0 0 1 1 1 1 0 0 1 1 1 1 1 1 0 0 1 1 0 0 1 0 1 0 0 1 0 0 0 0 0 1 0 0 1 1 1 1 1 1 1 0 0 0 0 0 0 0 0 1 0 1 0 0 1 1 1 0 1 1 1 0 1 1 0 0 0 0 0 1 0 0 1 1 1 0 1 1 0 0 0 0 0 0 1 1 0 0 1 1 1 1 1 1 0 0
"98" 0 0 0 0 0 0 1 0 1 1 0 0 1 1 1 1 1 1 0 0 1 1 0 0 1 0 0 0 0 1 0 0 0 0 0 0 0 0 1 1 1 1 1 1 1 0 0 0 0 0 1 0 0 0 0 1 0 0 1 1 0 0 1 1 1 0 1 1 0 0 0 0 0 1 0 0 1 1 1 0 1 1 0 0 0 0 0 0 1 1 0 0 1 1 1 1 1 1 0 0
"99" 0 0 0 0 0 0 1 1 1 1 0 0 1 1 1 1 1 1 0 0 1 1 0 0 1 0 1 0 0 1 0 0 0 0 1 1 1 0 1 1 1 1 1 1 1 0 0 0 0 0 1 0 0 1 0 1 0 0 1 1 1 0 1 1 1 0 1 1 0 0 0 0 0 1 0 0 0 1 1 0 1 1 0 0 0 0 0 0 1 1 0 0 1 1 1 1 1 1 0 0
"100" 0 0 0 0 0 0 1 1 1 1 0 0 1 1 1 1 1 1 0 0 1 1 0 0 1 0 1 0 0 1 0 0 0 0 0 1 0 0 1 1 1 1 1 1 1 0 0 0 0 0 0 0 0 1 0 1 0 0 1 1 1 0 1 1 1 0 1 1 0 0 0 0 0 1 0 0 0 1 1 0 1 1 0 0 0 0 0 0 1 1 0 0 1 1 1 1 1 1 0 0
"101" 0 0 0 0 0 0 0 0 1 1 0 0 1 1 1 1 1 0 0 0 1 1 0 0 1 0 0 0 0 1 0 0 0 0 0 0 0 0 1 1 1 1 1 1 0 0 0 0 0 0 0 0 0 0 0 1 0 0 1 1 1 0 1 1 1 0 1 1 0 0 0 0 0 1 0 0 1 1 0 0 1 0 0 0 0 0 0 0 1 1 0 0 0 1 1 1 1 1 0 0
"102" 0 0 0 0 0 0 1 1 1 1 0 0 1 1 1 1 1 1 0 0 1 1 0 0 1 0 1 0 0 1 0 0 0 0 1 1 0 0 1 1 1 1 1 1 1 0 0 0 0 0 1 0 0 1 0 1 0 0 1 1 1 0 1 1 1 0 1 1 0 0 0 0 0 1 0 0 1 1 1 0 1 1 0 0 0 0 0 0 1 1 0 0 1 1 1 1 1 1 0 0
"103" 0 0 0 0 0 0 1 1 1 1 0 0 1 1 1 1 1 1 0 0 1 1 0 0 1 0 1 0 0 1 0 0 0 0 1 1 1 1 1 1 1 1 1 1 1 0 0 0 0 0 1 0 0 1 0 1 0 0 1 1 1 0 1 1 1 0 1 1 0 0 0 0 0 1 0 0 1 1 1 0 1 1 0 0 0 0 0 0 1 1 0 0 1 1 1 1 1 1 0 0
"104" 0 0 0 0 0 0 1 0 1 0 0 0 1 1 0 0 0 0 0 0 1 1 0 0 1 0 0 0 0 1 0 0 0 0 0 0 0 0 1 1 1 1 1 1 1 0 0 0 0 0 0 0 0 0 0 0 0 0 1 0 0 0 1 0 1 0 0 0 0 0 0 0 0 0 0 0 0 1 0 0 1 1 0 0 0 0 0 0 1 1 0 0 1 1 1 1 1 0 0 0
"105" 0 0 0 0 0 0 1 1 1 1 0 0 1 1 0 1 1 1 0 0 1 1 0 0 1 0 1 0 0 1 0 0 0 0 1 1 0 0 1 1 1 1 1 1 1 0 0 0 0 0 1 0 0 1 0 1 0 0 1 1 1 0 1 1 1 0 1 1 0 0 0 0 0 1 0 0 0 1 1 0 1 1 0 0 0 0 0 0 1 1 0 0 1 1 1 1 1 1 0 0
"106" 1 1 1 1 1 1 1 1 1 1 1 1 1 1 1 1 1 1 1 1 1 1 1 1 1 1 1 1 1 1 1 1 1 1 1 1 1 1 1 1 1 1 1 1 1 1 1 1 1 1 1 1 1 1 1 1 1 1 1 1 1 1 1 1 1 1 1 1 1 1 1 1 1 1 1 1 1 1 1 1 1 1 1 1 1 1 1 1 1 1 1 1 1 1 1 1 1 1 1 1
"107" 1 1 1 1 1 0 0 0 0 0 1 1 0 0 0 0 0 0 1 1 0 0 1 1 0 1 0 1 1 0 1 1 1 1 0 0 1 0 0 0 0 0 0 0 0 1 1 1 1 1 0 1 1 0 1 0 1 1 0 0 0 1 0 0 0 1 0 0 1 0 1 1 1 0 1 1 0 0 0 1 0 0 1 1 1 1 1 1 0 0 1 1 0 0 0 0 0 0 1 1
"108" 1 1 1 1 1 1 1 1 1 1 1 1 1 1 1 1 1 1 1 1 1 1 1 1 1 1 1 1 1 1 1 1 1 1 1 1 1 1 1 1 1 1 1 1 1 1 1 1 1 1 1 1 1 1 1 1 1 1 1 1 1 1 1 1 1 1 1 1 1 1 1 1 1 1 0 1 1 1 1 1 1 1 1 1 1 1 1 1 1 1 1 1 1 1 1 1 1 1 1 1
"109" 1 1 1 1 1 0 0 0 0 0 1 1 0 0 0 0 0 0 1 1 0 0 1 1 0 1 1 1 1 0 1 1 1 1 1 1 1 1 0 0 0 0 0 0 0 1 1 1 1 1 1 1 1 1 1 0 1 1 0 0 0 1 0 0 0 1 0 0 1 1 1 1 1 0 1 1 1 0 0 1 0 0 1 1 1 1 1 1 0 0 1 1 0 0 0 0 0 0 1 1
"110" 1 1 1 1 1 1 1 1 1 1 1 1 1 0 1 1 1 1 1 0 1 1 1 1 1 1 1 1 1 1 1 1 1 1 1 1 1 1 1 1 1 0 1 1 1 1 1 1 1 1 1 1 1 1 1 1 1 1 1 1 1 1 1 1 1 1 1 1 1 1 1 1 1 1 1 1 1 1 1 1 1 1 1 1 1 1 1 1 1 1 1 1 1 1 1 1 1 1 1 1
"111" 1 1 1 1 1 1 1 1 1 1 1 1 1 0 1 1 1 1 1 0 1 1 1 1 1 1 1 1 1 1 1 1 1 1 1 1 1 1 1 1 1 0 1 1 1 1 1 1 1 1 1 1 1 1 1 1 1 1 1 1 1 1 1 1 1 1 1 1 1 1 1 1 1 1 1 1 1 1 1 1 1 1 1 1 1 1 1 1 1 1 1 1 1 1 1 1 1 1 1 1
"112" 1 1 1 1 1 1 1 1 1 1 1 1 1 0 1 1 1 1 1 0 1 1 1 1 1 1 1 1 1 1 1 1 1 1 1 1 1 1 1 1 1 0 1 1 1 1 1 1 1 1 1 1 1 1 1 1 1 1 1 1 1 1 1 1 1 1 1 1 1 1 1 1 1 1 1 1 1 1 1 1 1 1 1 1 1 1 1 1 1 1 1 1 1 1 1 1 1 1 1 1
"113" 1 1 1 0 1 1 1 1 1 1 1 1 1 0 1 1 1 1 1 1 1 0 1 1 1 1 1 1 1 1 1 1 1 1 1 1 1 1 1 1 1 0 1 1 1 1 1 1 1 0 1 1 1 1 1 1 1 1 1 1 1 1 1 1 0 1 1 1 0 1 1 1 1 1 1 1 1 1 1 1 1 1 1 1 1 1 1 1 1 1 1 1 1 1 1 1 1 1 1 1
"114" 1 1 1 1 1 1 1 1 0 0 1 1 0 0 0 0 0 0 1 1 0 0 1 1 0 1 1 1 1 0 1 1 1 1 1 0 1 1 0 0 0 0 0 0 0 1 1 1 1 1 0 1 1 1 1 0 1 1 0 0 0 1 0 0 0 1 1 0 1 1 1 1 1 0 1 1 1 0 0 1 0 0 1 1 1 1 1 1 0 0 1 1 0 0 0 0 0 0 1 1
"115" 1 1 1 1 1 1 0 0 0 0 1 1 0 0 0 0 0 1 1 1 0 0 1 1 0 1 0 1 1 0 1 1 1 1 1 0 1 1 0 0 0 0 0 0 0 1 1 1 1 1 0 1 1 1 1 0 1 1 0 0 0 1 0 0 0 1 0 0 1 1 1 1 1 0 1 1 1 0 0 1 0 0 1 1 1 1 1 1 0 0 1 1 0 0 0 0 0 0 1 1
"116" 1 1 1 1 1 1 0 0 0 0 1 1 0 0 0 0 0 0 1 1 0 0 1 1 0 1 0 1 1 0 1 1 1 1 0 0 1 1 0 0 0 0 0 0 0 1 1 1 1 1 0 1 1 0 1 0 1 1 0 0 0 1 0 0 0 1 0 0 1 1 1 1 1 0 1 1 1 0 0 1 0 0 1 1 1 1 1 1 0 0 1 1 0 0 0 0 0 0 1 1
"117" 1 1 1 1 1 1 0 0 0 0 1 1 0 0 0 0 0 0 1 1 0 0 1 1 0 1 0 1 1 0 1 1 1 1 0 0 1 1 0 0 0 0 0 0 0 1 1 1 1 1 0 1 1 0 1 0 1 1 0 0 0 1 0 0 0 1 0 0 1 1 1 1 1 0 1 1 1 0 0 1 0 0 1 1 1 1 1 1 0 0 1 1 0 0 0 0 0 0 1 1
"118" 1 1 1 1 1 1 0 0 0 0 1 1 0 0 0 0 0 0 1 1 0 0 1 1 0 0 0 1 1 0 1 1 1 1 0 0 1 1 0 0 0 0 0 0 0 1 1 1 1 1 0 1 1 0 1 0 1 1 0 0 0 1 0 0 0 0 0 0 1 1 1 1 1 0 1 0 1 0 0 1 0 0 1 1 1 1 1 1 1 0 1 1 0 0 0 0 0 0 1 1
"119" 1 0 0 0 1 1 0 0 0 0 1 0 0 0 1 0 1 0 1 1 0 0 1 1 0 1 0 1 0 0 1 1 1 0 0 0 1 1 0 0 0 0 0 0 1 0 0 1 1 0 0 0 1 0 1 0 0 1 1 0 1 0 0 0 0 0 0 0 0 0 1 1 1 0 1 0 0 0 0 1 0 0 0 1 1 1 0 0 0 0 1 1 0 0 0 0 1 0 1 1
"120" 1 1 1 1 1 1 0 0 0 0 1 1 0 0 0 0 0 0 1 1 0 0 1 1 0 1 0 1 1 0 1 1 1 1 0 0 1 1 0 0 0 0 0 0 0 1 1 1 1 1 0 1 1 0 1 0 1 1 0 0 0 1 0 0 0 1 0 0 1 1 1 1 1 0 1 1 1 0 0 1 0 0 1 1 1 1 1 1 0 0 1 1 0 0 0 0 0 0 1 1
"121" 1 1 1 1 1 1 0 0 0 0 1 1 0 0 0 0 0 0 1 1 0 0 1 1 0 1 0 1 1 0 1 1 0 1 0 0 1 1 0 0 0 0 0 0 0 1 1 1 1 1 0 1 1 0 1 0 1 1 0 0 0 1 0 0 0 1 0 0 1 1 1 1 1 0 1 1 1 0 0 1 0 0 1 1 1 1 1 1 0 0 1 1 0 0 0 0 0 0 1 1
"122" 1 1 1 1 1 1 1 1 0 1 1 1 0 1 0 0 0 1 1 1 0 0 1 1 1 1 1 1 1 0 1 1 0 1 0 1 1 1 1 0 1 0 1 0 0 1 1 1 1 1 1 1 1 1 1 1 1 1 1 1 1 1 0 1 1 1 1 1 1 1 1 1 1 1 1 1 0 0 0 1 1 1 1 1 1 1 1 1 0 0 1 1 1 1 0 1 1 1 1 1
"123" 0 1 1 1 0 1 1 1 1 1 0 1 1 1 0 0 1 1 1 1 1 0 0 0 1 1 1 1 1 0 1 1 0 1 0 0 1 1 1 1 0 0 1 1 1 1 1 1 1 1 0 1 1 1 0 1 0 0 1 1 0 1 1 1 1 1 0 0 1 1 0 0 1 1 0 1 0 0 0 0 1 0 1 1 1 1 1 1 1 0 1 1 1 1 0 0 0 1 0 0
"124" 1 1 1 1 1 1 0 0 0 0 1 1 0 0 0 0 0 0 1 1 0 0 1 1 0 1 0 1 1 0 1 1 0 1 0 0 1 1 0 0 0 0 0 0 0 1 1 1 1 1 0 1 1 0 1 0 1 1 0 0 0 1 0 0 0 1 0 0 1 1 1 1 1 0 1 1 1 0 0 1 0 0 1 1 1 1 1 1 0 0 1 1 0 0 0 0 0 0 1 1
"125" 0 0 1 0 0 0 1 1 1 1 0 1 1 0 1 1 1 1 0 1 1 0 0 0 1 1 1 1 1 1 1 1 0 0 1 1 1 1 1 1 1 0 1 1 1 1 1 0 1 0 1 1 1 1 0 1 0 0 1 1 1 0 1 1 1 1 1 1 1 0 0 0 0 1 0 1 0 1 1 0 1 1 0 0 1 1 1 1 1 1 0 1 1 1 0 1 1 1 0 0
"126" 1 1 1 1 1 1 1 1 1 1 1 1 1 0 1 1 1 1 1 1 1 0 1 1 1 1 1 1 1 1 1 1 0 0 1 1 1 1 1 1 1 0 1 1 1 1 1 1 1 1 1 1 1 1 1 1 1 1 1 1 1 0 1 1 1 1 1 1 1 1 1 1 1 1 1 1 1 1 1 1 1 1 1 1 1 1 1 1 1 1 1 1 1 1 0 1 1 1 1 1
"127" 1 1 1 1 1 1 1 1 1 1 1 1 1 0 1 1 0 0 1 0 1 0 1 1 1 1 1 1 1 0 0 1 1 1 1 0 1 1 0 0 1 0 1 1 1 1 1 1 0 0 1 1 1 1 1 1 1 1 0 1 1 1 1 0 0 1 1 1 1 1 0 1 0 1 1 1 1 1 1 1 1 1 1 0 1 1 1 1 1 1 0 1 1 1 1 1 1 1 1 1
"128" 0 0 0 1 0 1 1 1 1 1 0 0 1 1 1 1 1 1 0 1 1 1 0 0 1 0 1 0 1 1 1 1 0 0 1 1 1 1 1 1 1 1 1 1 1 0 0 0 0 0 1 0 0 1 0 1 1 1 1 1 1 0 1 1 1 0 1 1 1 1 0 0 1 1 0 0 1 1 1 0 1 0 0 1 0 0 0 0 1 1 0 0 1 1 1 1 1 1 0 0
"129" 1 1 1 1 1 1 1 1 1 1 1 1 1 1 1 1 1 1 1 1 1 1 0 0 1 1 1 1 1 1 1 1 1 1 1 1 1 1 1 1 1 1 1 1 1 1 1 1 1 1 1 1 1 1 1 1 1 1 1 1 1 1 1 1 1 1 1 1 1 1 1 0 1 1 1 1 1 1 1 1 1 1 1 1 1 1 1 1 1 1 1 1 1 1 1 1 1 1 0 0
"130" 1 1 1 1 1 1 1 1 1 1 1 1 1 1 1 1 1 1 1 1 1 1 1 1 1 1 1 1 1 0 1 1 1 1 1 1 1 1 1 1 1 1 1 1 1 1 1 1 1 1 1 1 1 1 1 1 1 1 1 1 1 1 1 1 1 1 1 1 1 1 1 1 1 1 1 1 1 1 1 1 1 1 1 1 1 1 1 1 1 1 1 1 1 1 1 1 1 1 1 1
"131" 1 1 1 1 1 1 1 1 1 1 1 1 1 1 1 1 1 1 1 1 1 1 1 1 1 1 1 1 1 0 1 1 1 1 1 1 1 1 1 1 1 1 1 1 1 1 1 1 1 1 1 1 1 1 1 1 1 1 1 1 1 1 1 1 1 1 1 1 1 1 1 1 1 1 1 1 1 1 1 1 1 1 1 1 1 1 1 1 1 1 1 1 1 1 1 1 1 1 1 1
"132" 1 1 1 1 1 1 1 1 1 1 1 1 1 1 1 1 1 1 1 1 1 1 1 1 1 1 1 1 1 0 1 1 1 1 1 1 1 1 1 1 1 1 1 1 1 1 1 1 1 1 1 1 1 1 1 1 1 1 1 1 1 1 1 1 1 1 1 1 1 1 1 1 1 1 1 1 1 1 1 1 1 1 1 1 1 1 1 1 1 1 1 1 1 1 1 1 1 1 1 1
"133" 1 1 1 1 1 1 1 1 1 1 1 1 1 0 1 1 1 1 1 1 1 1 1 1 1 1 1 1 1 1 1 1 1 1 1 1 1 1 1 1 1 0 1 1 1 1 1 1 1 1 1 1 1 1 1 1 1 1 1 1 1 1 1 1 1 1 1 1 1 1 1 1 1 1 1 1 1 1 1 1 1 1 1 1 1 1 1 1 1 1 1 1 1 1 1 1 1 1 1 1
"134" 1 1 1 1 1 1 0 1 0 0 1 1 0 0 1 1 1 0 1 1 0 1 1 1 1 1 1 1 1 0 1 1 1 1 1 1 1 1 0 0 1 0 0 0 0 1 1 1 1 1 0 1 1 0 1 0 1 1 0 0 0 1 0 1 1 1 0 0 1 1 1 1 1 1 1 1 1 1 1 1 0 0 1 1 1 1 1 1 1 1 1 1 0 0 1 1 1 1 1 0
"135" 1 1 1 1 1 0 0 0 0 0 1 1 0 0 0 0 0 0 1 1 0 0 1 1 0 1 0 1 1 0 1 1 1 1 0 0 1 1 0 0 0 0 0 0 0 1 1 1 1 1 0 1 1 0 1 0 1 1 0 0 0 1 0 0 0 1 0 0 1 1 1 1 1 0 1 1 0 0 0 1 0 0 1 1 1 1 1 1 0 0 1 1 0 0 0 0 0 0 1 1
"136" 1 1 1 1 1 1 0 0 0 1 1 1 0 0 0 0 0 0 1 0 0 0 1 1 0 1 0 1 1 0 1 0 1 1 0 0 1 1 0 0 0 0 0 0 0 1 1 1 1 1 0 1 1 1 1 0 1 1 0 0 0 1 0 0 0 1 0 0 1 1 1 1 1 0 1 1 1 0 0 1 0 0 1 1 1 1 1 1 0 0 1 1 0 0 0 0 0 0 1 1
"137" 1 1 1 1 1 1 1 1 1 1 1 1 1 1 1 1 0 1 1 1 1 1 1 1 1 1 1 1 1 1 1 1 1 1 1 1 1 1 1 0 1 1 1 1 1 1 1 1 1 1 1 1 1 1 1 1 1 1 1 1 1 1 1 1 1 1 1 1 1 1 0 1 1 1 1 1 1 1 1 1 1 1 1 1 1 1 1 1 1 1 1 1 1 1 1 1 1 1 1 1
"138" 1 1 1 1 1 1 0 0 0 0 1 1 0 0 0 0 0 0 1 1 0 0 1 1 0 1 0 1 1 0 1 1 1 1 0 0 1 1 0 0 0 0 0 0 0 1 1 1 1 1 0 1 1 1 1 0 1 1 0 0 0 1 0 0 0 1 0 0 1 1 0 1 1 0 1 1 1 0 0 1 0 0 1 1 1 1 1 1 0 0 1 1 0 0 0 0 0 0 1 1
"139" 1 1 1 1 1 1 1 1 1 1 1 1 1 0 1 1 1 1 1 1 1 1 1 1 1 1 1 1 1 1 1 1 1 1 1 1 1 1 1 0 1 1 1 1 1 1 1 1 1 1 1 1 1 1 1 1 1 1 1 1 1 1 1 1 1 1 1 1 1 1 0 1 1 1 1 1 1 1 1 1 1 1 1 1 1 1 1 1 1 1 1 1 1 1 1 1 1 1 1 1
"140" 1 1 0 1 1 1 1 1 0 1 1 1 0 0 1 1 0 0 1 0 0 0 1 1 1 1 1 1 1 0 1 1 1 1 1 1 1 1 0 0 0 0 0 0 0 1 1 1 1 1 0 1 1 1 1 0 1 1 0 0 1 1 0 1 0 1 1 1 1 1 1 1 1 0 1 0 1 0 0 1 0 0 1 1 1 1 1 1 0 0 1 1 0 0 0 1 1 1 1 1
"141" 1 1 0 1 1 1 0 0 0 0 1 1 0 0 0 0 0 1 1 0 0 0 1 1 0 1 0 1 1 0 1 1 1 1 1 0 1 1 0 0 0 0 0 0 0 1 1 1 1 1 0 1 1 1 1 0 1 1 0 0 0 1 0 0 0 1 0 0 1 1 1 1 1 0 1 0 1 0 0 1 0 0 1 1 1 1 1 1 0 0 1 1 0 0 0 0 0 0 1 1
"142" 1 1 0 1 1 1 1 1 1 1 1 1 1 0 1 1 0 1 1 0 1 1 1 1 1 1 1 1 1 1 1 1 1 1 1 1 1 1 1 1 1 0 1 1 0 1 1 1 1 1 1 1 1 1 1 1 1 1 1 1 1 1 1 1 1 1 1 1 1 1 1 1 1 1 1 1 1 1 1 1 1 1 1 0 1 1 1 1 1 1 1 1 0 0 1 1 1 1 1 1
"143" 1 1 0 1 1 1 1 1 1 1 1 1 1 0 1 0 1 1 1 1 1 1 1 1 1 1 1 1 1 1 1 1 1 1 1 1 1 1 1 1 0 1 1 1 1 1 1 1 1 1 1 1 1 1 1 1 1 1 1 1 1 1 1 1 1 1 1 1 1 1 1 1 1 1 1 1 1 1 1 1 1 1 1 1 1 1 1 1 1 1 1 1 1 1 1 1 1 1 1 1
"144" 1 1 0 1 1 1 0 0 0 0 1 1 0 0 0 0 0 1 1 1 0 0 1 1 0 1 0 1 1 0 1 1 1 1 1 0 1 1 0 0 0 0 0 0 0 1 1 1 1 1 0 1 1 1 1 0 1 1 0 0 0 1 0 0 0 1 0 0 1 1 1 1 1 0 1 1 1 0 0 1 0 0 1 1 1 1 1 1 0 0 1 1 0 0 0 0 0 0 1 1
"145" 1 1 0 1 1 1 0 0 0 0 1 1 0 0 0 0 0 0 1 1 0 0 1 1 0 1 0 1 1 0 1 1 1 1 0 0 1 1 0 0 0 0 0 0 0 1 1 1 1 1 0 1 1 1 1 0 1 1 0 0 0 1 0 0 0 1 0 0 1 1 1 1 1 0 1 1 1 0 0 1 0 0 1 1 1 1 1 1 0 0 1 1 0 0 0 0 0 0 1 1
"146" 0 0 0 0 0 0 1 0 1 1 0 0 1 0 0 0 0 1 0 0 1 0 0 0 1 0 1 0 0 1 0 0 0 0 0 0 0 0 1 1 0 0 1 1 1 0 0 0 0 0 1 0 0 1 0 1 0 1 1 1 1 0 1 0 1 0 0 0 0 0 0 0 0 1 0 0 0 1 1 0 1 1 0 0 0 0 0 0 1 1 0 0 1 1 1 1 1 0 0 0
"147" 1 1 0 1 1 1 1 1 1 1 1 1 1 0 0 1 0 1 1 1 1 1 1 1 0 1 1 1 1 0 1 1 1 1 1 1 1 1 1 1 0 0 1 1 1 1 1 1 1 1 1 1 1 1 1 1 1 1 1 1 1 1 1 1 1 1 1 1 1 1 1 1 1 1 1 1 1 1 1 1 1 1 1 1 1 1 1 1 1 1 1 1 1 1 0 1 0 1 1 1
"148" 0 0 0 0 0 0 1 1 1 1 0 0 1 1 1 1 1 1 0 0 1 1 0 0 1 0 1 0 0 1 0 0 0 0 0 1 0 0 1 0 1 0 1 1 1 0 0 0 0 0 0 0 0 1 0 1 0 0 1 1 1 0 1 1 0 0 1 1 0 0 0 0 0 1 0 0 1 1 1 0 1 1 0 0 0 0 0 0 1 1 0 0 1 1 1 1 1 1 0 0
"149" 1 1 1 1 1 1 1 1 1 1 1 1 1 1 1 1 1 1 1 1 1 1 1 1 1 1 1 1 1 1 1 1 1 1 1 1 1 1 1 1 1 1 1 1 1 1 1 1 1 1 1 1 1 1 1 1 1 1 1 1 1 1 1 1 1 1 1 1 1 0 1 1 1 1 1 1 1 1 0 1 1 1 1 1 1 1 1 1 1 1 1 1 1 1 1 1 1 1 1 1
"150" 0 0 0 0 0 0 1 1 1 1 0 1 1 1 1 1 1 1 0 0 1 1 0 0 1 0 1 0 0 1 0 0 0 0 1 1 0 1 1 1 1 1 1 1 1 0 0 0 0 0 1 0 0 0 0 1 0 0 1 1 1 0 1 1 1 0 1 1 0 0 0 0 0 1 0 0 0 1 1 0 1 1 0 0 0 0 0 0 1 1 0 0 1 1 1 1 1 1 0 0
"151" 1 1 1 1 1 1 0 0 0 1 1 1 0 0 1 1 0 1 1 1 0 0 1 1 0 1 1 1 1 1 1 1 1 1 1 1 1 1 0 0 0 0 0 0 0 1 1 1 1 1 1 1 1 1 1 1 1 1 0 0 0 1 0 0 0 1 0 0 1 1 1 1 1 1 1 1 1 0 1 1 0 0 1 1 1 1 1 1 1 1 1 1 0 0 1 0 1 1 1 1
"152" 0 0 0 0 0 0 1 1 1 1 0 0 1 1 1 1 1 1 0 0 1 1 0 0 1 0 1 0 0 1 0 0 0 0 1 1 0 0 1 1 1 1 1 1 1 0 0 0 0 0 1 0 0 1 0 1 0 0 1 1 1 0 1 1 1 0 1 1 0 0 0 0 0 1 0 0 0 1 0 0 1 1 0 0 0 0 0 0 1 1 0 0 1 1 1 1 1 1 0 0
"153" 0 0 0 0 0 0 1 1 1 1 0 1 1 1 1 1 1 1 0 0 1 1 0 0 1 0 1 0 0 1 0 0 0 0 1 1 0 0 1 1 1 1 1 1 1 0 0 0 0 0 1 0 0 1 0 1 0 0 1 1 1 0 1 1 1 0 1 1 0 0 0 0 0 1 0 1 0 1 1 0 1 1 0 0 0 0 0 0 1 1 0 0 1 1 1 1 1 1 0 0
"154" 0 0 0 0 0 0 1 1 1 1 0 1 1 1 1 1 1 1 0 0 1 1 0 0 1 0 1 0 0 1 0 0 0 0 1 1 0 0 1 1 1 1 1 1 1 0 0 0 0 0 1 0 0 1 0 1 0 0 1 1 1 0 1 1 1 0 1 1 0 0 0 0 0 1 0 0 0 1 1 0 1 1 0 0 0 0 0 0 1 1 0 0 1 1 1 1 1 1 0 0
"155" 0 0 0 0 0 0 1 1 1 1 0 0 1 1 1 1 1 1 0 0 1 1 0 0 1 0 1 0 0 1 0 0 0 0 1 1 0 0 1 1 1 1 1 1 1 0 0 0 0 0 1 0 0 1 0 1 0 0 1 1 1 0 1 1 1 0 1 1 0 0 0 0 0 1 0 0 0 1 1 0 1 1 0 0 0 0 0 1 1 1 0 0 1 1 1 1 1 1 0 0
"156" 0 0 0 0 0 0 1 1 1 1 0 0 1 1 1 1 1 1 0 0 1 1 0 0 1 0 1 0 0 1 0 0 0 0 1 1 1 0 1 1 1 1 1 1 1 0 0 0 0 0 1 0 0 1 0 1 0 0 1 1 1 0 1 1 1 0 1 1 0 0 0 0 0 1 0 0 0 1 1 0 1 1 0 0 0 0 0 0 1 1 0 0 1 1 1 1 1 1 0 0
"157" 1 1 1 1 1 1 1 1 0 0 1 1 1 1 1 1 1 0 1 1 1 0 1 1 1 1 1 1 1 1 1 1 1 1 1 1 1 1 1 0 0 1 1 1 1 1 1 1 1 1 1 1 1 1 0 1 1 1 0 0 1 1 0 0 1 1 1 1 1 0 1 1 1 1 1 1 1 0 1 1 1 1 1 1 1 1 1 1 1 1 1 1 1 1 0 1 1 1 1 1
"158" 0 1 1 1 1 1 1 1 1 1 1 1 1 1 1 1 1 1 1 1 1 1 0 1 1 1 1 1 1 1 1 1 1 1 1 1 1 1 1 1 1 1 1 1 1 1 1 0 1 1 1 1 1 1 0 1 1 1 1 1 1 1 1 1 1 1 1 1 1 1 1 0 1 1 1 1 1 1 1 1 1 1 1 1 1 1 1 1 1 1 1 1 1 1 1 1 1 1 1 1
"159" 0 0 0 0 0 0 1 1 1 1 0 0 1 1 1 1 1 1 0 0 1 0 0 0 1 0 1 0 0 1 0 0 0 0 1 1 0 0 1 1 1 1 1 1 1 0 0 0 0 0 1 0 0 1 0 1 0 0 1 1 1 0 1 1 1 0 1 1 0 0 0 0 0 1 0 0 0 1 1 0 1 1 0 0 0 0 0 0 1 1 0 0 1 1 1 1 1 1 0 0
"160" 0 0 0 0 0 0 1 1 1 1 0 0 1 1 1 0 1 1 0 0 1 1 0 0 1 0 1 0 0 1 0 0 0 0 0 1 0 0 1 1 1 1 1 1 1 0 0 0 0 0 0 0 0 0 0 1 0 0 1 1 1 0 1 1 1 0 1 1 0 0 0 0 0 1 0 0 1 1 1 0 1 1 0 0 0 0 0 0 0 1 0 0 1 1 1 1 1 1 0 0
"161" 0 0 0 0 0 0 0 0 1 1 0 0 1 0 1 0 1 1 0 0 1 1 0 0 1 0 0 0 0 1 0 0 0 0 1 1 0 0 1 1 1 1 1 1 1 0 0 0 0 0 0 0 0 0 0 1 0 0 1 1 1 0 1 0 0 0 0 1 0 0 0 0 0 1 0 0 0 0 1 0 1 0 0 0 0 0 0 0 1 1 0 0 1 1 1 1 1 0 0 0
"162" 1 0 1 1 1 1 0 0 0 0 1 1 0 0 0 0 0 0 0 0 0 0 1 0 0 1 0 1 1 0 1 1 1 1 0 0 1 1 0 0 0 0 0 0 0 0 0 0 1 1 0 1 1 0 1 0 1 1 0 0 0 1 0 0 0 1 0 0 0 0 1 1 0 0 1 0 0 0 0 0 0 0 1 1 1 1 1 0 0 0 0 1 0 0 0 0 0 0 1 1
"163" 0 0 0 0 0 0 1 1 1 1 0 0 1 1 0 1 1 1 0 0 1 1 0 0 1 0 1 0 0 1 0 0 0 0 1 1 0 0 1 1 1 1 1 1 1 0 0 0 0 0 1 0 0 0 0 1 0 0 1 1 1 0 1 1 1 0 1 1 0 0 0 0 0 1 0 0 0 1 1 0 1 1 0 0 0 0 0 0 1 1 0 0 1 1 1 1 1 1 0 0
"164" 0 0 0 0 0 0 1 1 1 0 0 0 1 1 1 1 1 1 0 0 1 1 0 0 1 0 1 0 0 1 0 0 0 0 1 1 0 0 1 1 1 1 1 1 1 0 0 0 0 0 1 0 0 0 0 1 0 0 1 1 1 0 1 1 1 0 1 1 0 0 0 0 0 1 0 0 0 1 1 0 1 1 0 0 0 0 0 0 1 1 0 0 1 1 1 1 1 1 0 0
"165" 0 0 0 0 0 0 1 1 1 1 0 0 1 1 1 1 1 1 0 0 1 1 0 0 1 0 1 0 0 1 0 0 0 0 1 1 1 0 1 1 1 1 1 1 1 0 0 0 0 0 1 0 0 1 0 1 0 0 1 1 1 0 1 1 1 0 1 1 0 0 0 0 0 1 0 0 0 1 1 0 1 1 0 0 0 0 0 0 1 1 0 0 1 1 1 1 1 1 0 0
"166" 1 1 1 1 1 1 1 1 1 1 1 1 1 1 0 1 0 0 1 1 1 0 1 1 0 1 1 1 1 0 1 1 1 1 0 1 1 1 0 0 0 0 1 0 0 1 1 1 1 1 1 1 1 1 1 1 1 1 1 1 0 1 0 1 0 1 0 0 1 1 1 1 1 1 1 1 1 0 1 1 0 0 1 1 1 1 1 1 1 1 1 1 1 1 0 0 0 0 1 1
"167" 0 0 0 0 0 0 1 1 1 1 0 1 1 1 1 1 1 1 0 0 1 1 0 0 1 0 1 0 0 1 0 0 0 0 1 1 0 0 1 1 1 1 1 1 1 0 0 0 0 0 1 0 0 1 0 1 0 0 1 1 1 0 1 1 1 0 1 1 0 0 0 0 0 1 0 0 0 1 1 0 1 1 0 0 0 0 0 0 1 1 0 0 1 1 1 1 1 1 0 0
"168" 0 0 0 0 0 0 1 1 1 1 0 0 1 1 1 1 1 1 0 0 1 1 0 0 1 0 1 0 0 1 0 0 0 0 0 1 0 0 1 1 1 1 1 1 1 0 0 0 0 0 0 0 0 0 0 1 0 0 1 1 1 0 1 1 1 0 1 1 0 0 0 0 0 1 0 0 1 1 1 0 1 1 0 0 0 0 0 0 1 1 0 0 1 1 1 1 1 1 0 0
"169" 0 0 0 0 0 0 1 0 1 1 0 0 1 1 1 1 1 1 0 0 1 1 0 0 1 0 1 0 0 1 0 0 0 0 0 1 0 0 1 1 1 1 1 1 1 0 0 0 0 0 0 0 0 0 0 1 0 0 1 1 1 0 1 1 1 0 1 1 0 0 0 0 0 1 0 0 0 1 1 0 1 1 0 0 0 0 0 0 1 1 0 0 1 1 1 1 1 1 0 0
"170" 0 0 0 0 0 0 1 1 1 1 0 0 1 1 1 1 1 1 0 0 1 1 0 0 1 0 1 0 0 1 0 0 0 0 1 1 0 0 1 1 1 1 1 1 1 0 0 0 0 0 1 0 0 1 0 1 0 0 1 1 1 0 1 1 1 0 1 1 0 0 0 0 0 1 0 0 0 1 1 0 1 1 0 0 0 0 0 0 1 1 0 0 1 1 1 1 1 1 0 0
"171" 1 1 1 1 1 1 0 0 0 0 1 1 0 0 0 0 0 0 1 1 0 0 1 1 0 1 0 1 1 0 1 1 1 1 0 0 1 0 0 0 0 0 0 0 0 1 1 1 1 1 0 1 1 1 1 0 1 1 0 0 0 1 0 0 0 1 0 0 1 1 1 1 1 0 1 1 0 0 0 1 0 0 1 1 1 1 1 1 0 0 1 1 0 0 0 0 0 0 1 1
"172" 1 1 1 1 1 0 0 0 0 0 1 1 0 0 0 0 0 0 1 1 0 0 1 1 0 1 0 1 1 0 1 1 1 1 0 0 1 0 0 0 0 0 0 0 0 1 1 1 1 1 0 1 1 1 1 0 1 1 0 0 0 1 0 0 0 1 0 0 1 1 1 1 1 0 1 1 0 0 0 1 0 0 1 1 1 1 1 1 0 0 1 1 0 0 0 0 0 0 1 1
"173" 0 0 0 0 0 0 1 1 1 1 0 0 1 1 1 1 1 1 0 0 1 1 0 0 1 0 1 0 0 1 0 0 0 0 1 1 0 0 1 1 1 1 1 1 1 0 0 1 0 0 1 0 0 0 0 1 0 0 1 1 1 0 1 1 1 0 1 1 0 0 0 0 0 1 0 0 1 1 1 0 1 1 0 0 0 0 0 0 1 1 0 0 1 1 1 1 1 1 0 0
"174" 0 0 0 0 0 0 1 1 1 1 0 0 1 1 1 1 1 1 0 0 1 1 0 0 1 0 1 0 0 1 0 0 0 0 1 1 0 0 1 1 1 1 1 1 1 0 0 0 0 0 1 0 0 0 0 1 0 0 1 1 1 0 1 1 1 0 1 1 0 0 0 0 0 1 0 0 1 1 1 0 1 1 0 0 0 0 0 0 1 1 0 0 1 1 1 1 1 1 0 0
"175" 0 0 0 0 0 0 1 1 1 1 0 0 1 1 1 1 1 1 0 0 1 1 0 0 1 0 1 0 0 1 0 0 0 0 1 1 0 0 1 1 1 1 1 1 1 0 0 0 0 0 1 0 0 1 0 1 0 0 1 1 1 0 1 1 1 0 1 1 0 0 0 0 0 1 0 0 1 1 1 0 1 1 0 0 0 0 0 0 1 1 0 0 1 1 1 1 1 1 0 0
"176" 0 0 0 0 0 1 1 1 1 1 0 0 0 0 1 0 1 1 0 0 1 1 0 0 1 0 0 0 0 0 0 0 0 0 0 1 0 0 1 1 1 1 1 1 1 0 0 0 0 0 0 0 0 0 0 0 0 0 1 1 1 0 1 1 1 0 0 0 0 0 0 0 0 1 0 0 0 1 1 1 1 0 0 0 0 0 0 0 0 1 0 0 1 1 1 1 1 1 0 0
"177" 0 0 0 0 0 0 1 1 1 1 0 0 1 1 1 0 1 1 0 0 1 1 0 0 1 0 0 0 0 1 0 0 0 0 1 1 0 0 1 1 1 1 1 1 1 0 0 0 0 0 1 0 0 1 0 0 0 0 1 1 1 0 1 1 1 0 1 1 0 0 0 0 0 1 0 0 0 1 1 0 0 0 0 0 0 0 0 0 1 1 0 0 1 1 1 1 1 1 0 0
"178" 0 0 0 0 0 0 1 1 1 1 0 0 1 1 1 1 1 1 0 0 1 1 0 0 1 0 1 0 0 1 0 0 0 0 1 1 0 0 1 1 1 1 1 1 1 0 0 0 0 0 1 0 0 1 0 1 0 0 1 1 1 0 1 1 1 0 1 1 0 0 0 0 0 1 0 0 0 1 1 0 1 1 0 0 0 0 0 0 1 1 0 0 1 1 1 1 1 1 0 0
"179" 0 0 0 0 0 0 1 1 1 1 0 0 1 1 1 1 1 1 0 0 1 1 0 0 1 0 1 0 0 1 0 0 0 0 1 1 0 0 1 1 1 1 1 1 1 0 0 0 0 0 1 0 0 1 0 1 0 0 1 1 1 0 1 1 1 0 1 1 0 0 0 0 0 1 0 0 0 1 1 0 1 1 0 0 0 0 0 0 1 1 0 0 1 1 1 1 1 1 0 0
"180" 1 1 1 1 1 0 0 0 0 0 1 1 0 0 0 0 0 0 1 1 0 0 1 1 0 1 1 1 1 0 1 1 1 1 0 0 1 0 0 0 0 0 0 0 0 1 1 1 1 1 0 1 1 1 1 0 1 1 0 0 0 1 0 0 0 1 0 0 1 1 1 1 1 0 1 1 0 0 0 1 0 0 1 1 1 1 1 1 0 0 1 1 0 0 0 0 0 0 1 1
"181" 0 0 0 0 0 0 1 1 1 1 0 0 1 1 1 1 1 1 0 0 1 1 0 0 1 0 1 0 0 1 0 0 0 0 1 1 0 0 1 1 1 0 1 1 1 0 0 0 0 0 1 0 0 0 0 1 0 0 1 1 1 0 1 1 1 0 1 1 0 0 0 0 0 1 0 0 0 1 1 0 1 1 0 0 0 0 0 0 1 1 0 0 1 1 0 1 1 1 0 0
"182" 0 0 0 0 0 1 1 1 1 1 0 0 1 1 1 0 1 1 0 0 1 0 0 0 1 0 1 0 0 1 0 0 0 0 0 1 0 0 1 1 1 0 1 1 1 0 0 0 0 0 0 0 0 0 0 1 0 0 1 1 1 0 1 1 1 0 1 1 0 0 0 0 0 1 0 0 0 1 1 0 1 1 0 0 0 0 0 0 1 1 0 0 1 1 0 1 1 1 0 0
"183" 0 0 0 0 0 0 1 1 1 1 0 1 1 1 1 1 1 1 0 0 1 0 0 0 1 0 1 0 0 1 0 0 0 0 1 0 0 0 1 1 1 0 1 1 1 0 0 0 0 0 1 0 0 1 0 1 0 0 1 1 1 0 1 1 1 0 1 1 0 0 0 0 0 1 0 0 0 1 1 0 1 1 0 0 0 0 0 0 1 1 0 0 1 1 0 1 1 1 0 0
"184" 0 0 0 0 0 0 1 1 1 1 0 0 1 1 1 1 1 1 0 0 1 0 0 0 1 0 1 0 0 1 0 0 0 0 1 0 0 0 1 1 1 0 1 1 1 0 0 0 0 0 1 0 0 1 0 1 0 0 1 1 1 0 1 1 1 0 1 1 0 0 0 0 0 1 0 0 0 1 1 0 1 1 0 0 0 0 0 0 1 1 0 0 1 1 0 1 1 1 0 0
"185" 1 1 0 1 1 1 1 1 1 1 1 1 1 0 1 1 0 1 1 1 1 0 0 1 0 1 0 1 1 1 1 1 1 1 1 1 1 1 1 1 1 0 1 1 1 1 1 1 0 1 1 1 1 1 1 1 1 1 1 0 1 1 1 1 0 1 1 1 1 1 1 1 0 1 1 1 1 1 1 1 1 1 1 1 1 1 0 1 1 1 1 1 1 1 1 1 1 1 1 0
"186" 0 1 1 1 0 1 1 1 1 1 0 1 1 1 1 1 0 1 1 1 1 0 0 1 1 1 1 1 1 1 1 1 1 1 1 1 1 1 1 1 1 0 1 1 1 1 1 1 1 0 1 1 1 1 0 1 1 0 1 1 1 1 1 1 1 1 1 1 1 0 1 0 1 1 0 1 1 1 1 1 1 1 1 1 1 1 1 1 1 1 1 0 1 1 1 1 1 1 1 0
"187" 1 1 1 1 1 1 0 0 0 0 1 1 0 0 0 0 0 0 1 1 0 0 1 1 0 1 1 1 1 0 1 1 1 1 0 0 1 1 0 0 0 0 0 0 0 1 1 0 1 1 0 1 1 1 1 0 1 1 0 0 0 1 0 0 0 1 0 0 1 0 1 1 1 0 1 1 0 0 0 1 0 0 1 1 1 1 1 1 0 0 1 1 0 0 0 0 0 0 1 1
"188" 1 1 1 1 1 1 1 1 0 0 1 1 0 1 0 0 0 0 1 1 0 0 1 1 0 1 1 1 1 0 1 1 1 1 1 1 1 1 0 0 0 0 0 0 0 1 1 1 1 1 0 1 1 1 1 0 1 1 0 0 0 1 0 0 0 1 1 0 1 1 1 1 1 0 1 1 0 0 0 1 0 0 1 1 1 1 1 1 0 0 1 1 0 0 0 0 0 0 1 1
"189" 1 1 1 1 1 1 1 1 1 1 1 1 1 0 1 1 0 1 1 1 1 1 1 1 1 1 1 1 1 1 1 1 1 1 1 1 1 1 1 1 1 0 1 1 1 1 1 1 1 1 1 1 1 1 1 1 1 1 1 1 1 1 1 1 0 1 1 1 1 1 1 1 1 1 1 1 1 1 1 1 1 1 1 1 1 1 1 1 1 1 1 1 1 1 1 1 1 1 1 1
"190" 1 1 1 1 1 1 0 0 0 0 1 1 0 1 0 0 0 1 1 1 0 0 1 1 0 1 1 1 1 0 1 1 1 1 1 0 1 1 0 0 0 0 0 0 0 1 1 1 1 1 0 1 1 1 1 0 1 1 0 0 0 1 0 0 0 1 0 0 1 1 1 1 1 0 1 1 0 0 0 1 0 0 1 1 1 1 1 1 0 0 1 1 0 0 0 0 0 0 1 1
"191" 0 0 0 0 0 0 1 1 1 1 0 0 1 1 1 1 1 1 0 0 1 1 0 0 1 0 1 0 0 1 0 0 0 0 1 1 1 1 1 1 1 1 1 1 1 0 0 0 0 0 1 0 0 1 0 1 0 0 1 1 1 0 1 1 0 0 1 1 0 0 0 0 0 1 0 1 1 1 1 0 1 1 0 0 0 0 0 0 1 1 0 0 1 1 1 1 1 1 0 0
"192" 1 1 1 1 1 1 0 0 0 0 1 1 0 0 0 0 0 0 1 1 0 0 1 1 0 1 0 1 1 0 1 1 1 1 0 0 1 1 0 0 0 0 0 0 0 1 1 1 1 1 0 1 1 0 1 0 1 1 0 0 0 0 0 0 0 1 0 0 1 0 1 1 1 0 1 1 1 0 0 1 0 0 1 1 1 1 1 1 0 0 1 1 0 0 0 0 0 0 1 1
"193" 0 0 0 1 0 0 0 1 1 1 0 0 1 1 1 1 1 1 0 0 1 1 0 0 1 0 1 0 0 1 0 0 0 0 0 1 1 1 1 1 1 0 1 1 1 0 0 0 0 0 1 0 0 0 0 0 0 0 1 1 1 0 1 1 1 0 1 1 0 0 0 0 0 1 0 1 1 1 1 0 1 1 0 0 0 0 0 0 1 1 0 0 1 1 1 1 1 1 0 0
"194" 1 1 1 1 1 1 1 1 1 1 1 1 1 1 1 1 1 1 1 1 1 1 1 1 1 1 1 1 1 1 1 1 1 1 1 1 1 1 1 1 1 0 1 1 1 1 1 1 1 1 1 1 1 1 1 1 1 1 1 1 1 1 1 1 1 1 1 1 1 1 1 1 1 1 1 1 1 1 1 1 1 1 1 1 1 1 1 1 1 1 1 1 1 1 1 1 1 1 1 1
"195" 1 1 1 1 1 1 1 1 1 1 1 1 1 1 1 1 1 1 1 1 1 1 1 1 1 1 1 1 1 1 1 1 1 1 1 1 1 1 1 1 1 0 1 1 1 1 1 1 1 1 1 1 1 1 1 1 1 1 1 1 1 1 1 1 1 1 1 1 1 1 1 1 1 1 1 1 1 1 1 1 1 1 1 1 1 1 1 1 1 1 1 1 1 1 0 1 1 1 1 1
"196" 1 1 1 1 1 1 1 1 1 1 1 1 1 1 1 1 1 1 1 1 1 1 1 1 1 1 1 1 1 1 1 1 1 1 1 1 1 1 1 1 1 0 1 1 1 1 1 1 1 1 1 1 1 1 1 1 1 1 1 1 1 1 1 1 1 1 1 1 1 1 1 1 1 1 1 1 1 1 1 1 1 1 1 1 1 1 1 1 1 1 1 1 1 1 1 1 1 1 1 1
"197" 1 1 1 1 1 0 0 0 0 0 1 1 0 0 0 0 0 0 1 1 0 0 1 1 0 1 0 1 1 0 1 1 1 1 0 0 1 0 0 0 0 0 0 0 0 1 1 1 1 1 0 1 1 1 1 0 1 1 0 0 0 1 0 0 0 1 0 0 1 1 1 1 1 0 1 1 0 0 0 1 0 0 1 1 1 1 1 1 0 0 1 1 0 0 0 0 0 0 1 1
"198" 0 0 0 0 0 0 1 1 1 1 0 0 1 1 1 1 1 1 0 0 1 1 0 0 1 0 1 0 0 1 0 0 0 0 1 1 0 0 1 1 1 1 1 1 1 0 0 0 0 0 1 0 0 1 0 1 0 0 1 1 1 0 1 1 1 0 1 1 0 0 0 0 0 1 0 0 0 1 1 0 1 1 0 0 0 0 0 0 1 1 0 0 1 1 0 1 1 1 0 0
"199" 1 1 1 1 1 1 0 0 0 0 1 1 0 0 0 0 0 0 1 1 0 0 1 1 0 1 0 1 1 0 1 1 1 1 0 0 1 1 0 0 0 0 0 0 0 1 1 1 1 1 0 1 1 0 1 0 1 1 0 0 0 1 0 0 0 1 0 0 1 1 1 1 1 0 1 1 1 0 0 1 0 0 1 1 1 1 1 1 0 0 1 1 0 0 0 0 0 0 1 1
"200" 1 1 1 1 1 1 0 0 0 0 1 0 0 0 0 0 0 0 1 1 0 0 1 1 0 1 0 1 1 0 1 1 1 1 0 0 1 1 0 0 0 0 0 0 0 1 1 1 1 1 0 1 1 0 1 0 1 1 0 0 0 1 0 0 0 1 0 0 1 1 1 1 1 0 1 0 1 0 0 1 0 0 1 1 1 1 1 1 0 0 1 1 0 0 0 0 0 0 1 1
"201" 0 0 0 0 0 1 1 1 1 1 0 0 1 1 1 1 1 1 0 0 1 1 0 0 1 0 1 0 0 1 0 0 0 0 0 0 0 1 1 1 0 1 1 1 1 0 0 0 0 0 1 0 0 1 0 1 0 0 1 1 1 0 1 1 1 0 1 1 0 0 0 0 0 1 0 0 0 1 1 0 1 1 0 0 0 0 0 0 1 1 0 0 1 1 1 1 1 1 0 0
"202" 1 1 1 1 1 1 0 0 0 0 1 1 0 0 0 0 0 0 1 1 0 0 1 1 0 1 0 1 1 0 1 1 1 1 0 0 1 1 0 0 0 0 0 0 0 1 1 1 1 1 0 1 1 0 1 0 1 1 0 0 0 1 0 0 0 1 0 0 1 1 1 1 1 0 1 1 1 0 0 1 0 0 1 1 1 1 1 1 0 0 1 1 0 0 0 0 0 0 1 1
"203" 1 1 1 1 1 1 0 0 0 0 1 1 0 0 0 0 0 0 1 1 0 0 1 1 0 1 0 1 1 0 1 1 1 1 1 0 1 1 0 0 0 0 0 0 0 1 1 1 1 1 0 1 1 0 0 0 1 1 0 0 0 1 0 0 0 1 0 0 1 1 1 1 1 0 1 1 1 0 0 1 0 0 1 1 1 1 1 1 1 0 1 1 0 0 0 0 0 0 1 1
"204" 1 1 0 0 1 1 0 0 1 1 1 0 0 0 0 0 0 0 0 0 1 1 0 0 0 0 0 0 0 0 0 0 0 0 0 0 1 0 0 0 1 0 0 0 0 0 0 0 0 0 0 0 0 0 1 0 1 1 1 1 1 0 1 1 0 0 0 0 0 0 0 1 0 1 1 1 0 1 1 0 0 0 0 0 0 1 1 1 0 1 1 1 1 1 0 0 0 0 1 1
"205" 1 1 0 0 1 1 0 0 1 1 1 1 0 0 0 0 0 0 1 0 1 1 0 0 0 0 0 0 0 0 0 0 0 0 0 0 1 0 0 0 1 0 0 0 0 0 0 1 0 0 0 0 0 0 1 0 1 1 1 1 0 0 1 1 0 0 0 0 0 0 0 1 0 1 1 1 0 1 1 1 0 0 0 0 0 1 0 0 0 1 1 1 0 0 0 0 0 0 1 1
"206" 0 1 1 1 0 0 0 0 1 1 0 1 1 0 0 0 0 1 0 0 0 1 0 0 1 0 1 0 0 0 0 0 0 0 1 0 1 1 1 1 1 0 0 0 0 0 1 1 0 1 1 1 0 1 0 0 1 1 0 0 1 1 1 1 1 0 1 1 0 0 1 0 0 0 0 1 0 0 0 0 1 1 0 0 0 1 1 1 0 0 0 0 0 1 0 0 0 0 1 1
"207" 1 1 0 0 1 1 0 0 1 1 1 0 0 0 0 0 0 1 0 0 1 1 0 0 0 0 0 0 0 0 0 0 0 0 0 0 1 1 0 0 1 0 0 0 0 0 0 0 0 0 0 0 0 0 1 0 1 1 0 1 1 0 1 1 0 0 0 0 0 0 0 1 1 1 1 1 0 1 1 0 0 0 0 0 1 0 1 1 1 1 1 1 1 1 0 1 0 0 0 0
"208" 0 0 0 0 1 1 0 0 1 1 0 0 0 0 0 0 0 0 0 0 1 0 0 0 0 0 0 0 0 0 0 0 0 0 0 0 1 0 0 0 1 0 0 0 0 0 0 0 0 0 0 0 0 0 0 0 1 1 1 1 1 0 1 1 0 0 0 0 0 0 0 0 0 1 1 1 0 1 1 0 0 0 0 0 0 0 1 0 0 1 1 1 0 1 0 0 0 0 1 1
"209" 0 0 0 0 0 1 0 0 1 1 0 0 1 0 1 1 0 1 0 0 1 0 0 0 1 0 0 0 0 0 0 0 0 0 0 0 1 1 1 1 1 1 0 1 1 0 0 0 0 0 0 0 0 0 0 1 1 1 1 1 1 0 1 1 0 0 0 0 0 0 0 0 1 1 0 1 1 1 1 0 0 0 0 0 0 0 0 0 1 1 0 1 1 1 1 0 1 0 0 0
"210" 0 1 0 1 0 0 1 1 0 0 0 1 1 1 1 1 0 1 1 1 1 0 1 1 1 1 1 1 1 1 1 1 1 1 1 1 1 1 1 1 0 1 1 1 1 1 1 1 1 1 1 1 1 1 0 1 0 0 0 0 1 1 0 0 1 1 1 1 1 1 1 0 1 0 0 0 1 0 0 0 1 1 1 1 0 0 0 1 1 0 0 0 1 1 1 1 1 1 0 0
"211" 1 1 0 1 1 1 1 1 1 1 1 1 1 1 1 1 0 1 1 1 1 0 1 1 1 1 1 1 1 1 1 1 1 1 1 1 1 1 1 1 1 1 1 1 1 1 1 1 1 1 1 1 1 1 0 1 1 1 1 1 1 1 1 1 1 1 1 1 1 1 0 0 1 1 1 1 1 1 1 1 1 1 1 1 1 1 1 1 1 1 1 1 1 1 1 1 1 1 1 1
"212" 1 1 0 0 1 1 1 1 1 1 1 0 1 0 0 1 1 1 1 1 1 0 1 1 1 1 1 1 1 1 1 1 1 1 1 0 1 1 1 1 1 0 1 1 1 1 1 1 0 1 1 1 1 1 1 1 1 1 1 1 1 1 0 1 0 1 1 1 1 1 1 1 0 1 1 1 1 1 1 1 1 1 1 1 1 1 1 1 1 1 1 1 1 1 1 1 1 1 1 1
"213" 1 0 0 0 0 1 1 1 1 1 0 1 1 1 1 1 1 1 0 0 1 1 0 0 1 0 1 1 1 1 1 1 0 0 1 1 1 1 1 1 1 1 1 1 1 1 0 0 0 0 1 1 0 1 1 1 0 0 1 1 1 0 1 1 0 0 1 1 1 0 0 0 1 1 1 1 1 1 1 1 1 1 0 0 0 1 0 0 1 1 0 1 1 1 1 1 1 1 0 0
"214" 1 1 1 1 0 1 1 1 1 1 1 1 1 1 1 1 1 1 1 1 1 1 1 1 1 1 1 1 1 1 1 1 1 1 1 1 1 1 1 1 1 1 1 1 1 1 1 1 1 1 1 1 1 1 1 1 1 1 1 1 1 1 1 1 1 1 1 1 1 1 1 1 1 1 1 1 1 1 1 1 1 1 1 1 1 1 1 1 1 1 1 1 1 1 1 1 1 1 1 1
"215" 0 0 0 0 1 1 0 0 1 1 0 1 1 0 1 0 1 0 0 0 1 0 0 0 1 0 1 0 0 1 0 0 0 0 0 0 1 1 1 1 1 1 1 1 1 0 0 0 0 0 1 0 0 0 1 1 1 1 1 1 1 0 1 1 1 0 1 1 0 0 0 0 1 1 0 0 1 1 0 0 1 1 0 0 0 0 0 0 1 1 0 0 1 1 1 1 1 1 0 0
"216" 1 1 1 1 1 1 1 1 1 1 1 1 1 0 1 1 0 1 1 1 1 1 1 1 1 0 1 1 1 1 1 1 1 1 1 1 1 1 1 1 1 1 1 1 1 1 1 1 1 1 1 1 1 1 1 1 1 1 1 1 1 1 1 1 1 1 1 1 1 1 1 1 1 1 1 1 1 1 0 1 1 1 1 1 1 1 1 1 1 1 1 1 1 1 1 1 1 1 1 1
"217" 1 1 1 1 1 1 1 1 1 1 1 1 1 1 1 1 1 1 1 1 1 1 1 1 1 0 1 1 1 1 1 1 1 1 1 1 1 1 1 1 1 0 1 1 1 1 1 1 1 1 1 1 1 1 1 1 1 1 1 1 1 1 1 1 1 1 1 1 1 1 1 1 1 1 1 1 1 1 0 1 1 1 1 1 1 1 1 1 1 1 1 1 1 1 1 1 1 1 1 1
"218" 1 1 1 1 1 1 1 1 1 1 1 1 1 1 1 1 1 1 1 1 1 1 1 1 1 0 1 1 1 1 1 1 1 1 1 1 1 1 1 1 1 0 1 1 1 1 1 1 1 1 1 1 1 1 1 1 1 1 1 1 1 1 1 1 1 1 1 1 1 1 1 1 1 1 1 1 1 1 0 1 1 1 1 1 1 1 1 1 1 1 1 1 1 1 1 1 1 1 1 1
"219" 1 1 1 1 1 0 1 1 0 0 1 1 0 0 0 1 0 0 1 1 0 0 1 1 0 0 1 0 1 0 1 1 1 1 1 1 1 1 0 0 0 0 0 0 0 1 1 1 1 1 0 1 1 1 1 0 1 1 0 0 0 1 0 0 0 1 0 0 1 1 1 1 1 0 1 1 0 0 0 1 0 0 1 1 1 1 1 1 0 0 1 1 0 0 0 0 0 0 1 1
"220" 1 1 1 1 1 1 0 0 0 0 1 1 0 0 0 0 0 0 1 1 0 0 1 1 0 1 0 1 1 0 1 1 1 1 0 0 1 1 0 0 0 0 0 0 0 1 1 1 1 1 0 1 1 0 1 0 1 1 0 0 0 1 0 0 0 1 0 0 1 1 1 1 1 0 1 1 1 0 0 1 0 0 1 1 1 1 1 1 0 0 1 1 0 0 0 0 0 0 1 1
"221" 1 1 1 1 1 1 1 1 1 1 1 1 1 1 1 1 1 1 1 1 1 1 1 1 1 1 1 1 1 1 1 1 1 1 1 1 1 1 1 1 1 0 1 1 1 1 1 1 1 1 1 1 1 1 1 1 1 1 1 1 1 1 1 0 1 1 1 1 1 1 1 1 1 1 1 1 1 1 1 1 1 1 1 1 1 1 1 1 1 1 1 1 1 1 1 1 1 1 0 1
"222" 0 0 0 0 0 1 1 0 1 1 0 0 1 0 1 0 1 1 0 0 1 0 0 0 1 1 0 0 0 1 0 0 0 0 0 0 1 1 1 1 1 1 1 1 1 1 0 0 0 0 0 0 0 0 0 1 1 1 1 1 0 0 1 1 0 1 0 0 0 0 0 0 1 1 0 0 1 1 1 0 1 1 0 0 0 0 0 0 1 1 0 0 1 1 0 1 1 1 0 0
"223" 0 0 1 0 0 0 1 1 1 1 0 0 1 0 1 1 1 1 0 0 1 1 0 0 1 1 1 0 0 1 0 0 0 0 1 1 0 0 1 1 1 1 1 1 1 0 0 0 1 1 1 0 0 1 0 1 1 0 1 1 1 1 1 1 0 0 1 1 1 1 1 0 0 1 0 1 1 1 1 0 1 1 0 0 0 0 0 0 0 1 0 0 1 1 1 1 1 1 0 0
"224" 1 0 1 1 1 1 0 0 0 0 1 1 0 0 0 0 0 1 0 0 0 0 1 1 0 1 0 1 1 0 1 1 1 1 1 0 1 0 0 0 0 0 0 0 0 0 0 0 0 1 0 1 0 0 1 0 0 1 0 0 0 1 0 1 0 0 0 0 1 1 1 1 1 0 1 1 1 0 0 1 0 0 1 0 1 1 1 1 0 0 1 1 0 0 0 0 1 0 1 1
"225" 0 1 1 1 1 1 0 0 0 0 1 0 0 0 0 0 0 0 1 1 0 0 1 1 0 1 0 1 1 0 1 1 1 1 0 0 0 0 0 0 0 0 0 0 0 0 1 1 1 1 0 1 1 0 1 0 1 1 0 0 0 0 0 0 0 0 0 0 1 1 1 1 1 0 0 0 1 0 0 1 0 0 1 1 1 0 1 1 0 0 1 1 0 0 0 0 0 0 1 1
"226" 1 1 1 1 1 1 1 1 1 1 1 1 1 0 1 1 0 1 1 1 1 1 1 1 1 1 1 1 1 1 1 1 1 1 1 1 1 1 1 1 1 0 1 1 1 1 1 1 1 1 1 1 1 1 1 1 1 1 1 1 1 1 1 1 0 1 1 1 1 1 1 1 1 1 1 1 1 1 1 1 1 1 1 1 1 1 1 1 0 1 1 1 1 1 0 1 1 1 1 1
"227" 1 1 1 1 1 1 1 1 1 1 1 1 1 0 1 0 0 0 1 0 1 1 1 1 1 0 1 1 1 0 1 0 1 1 0 1 1 1 0 1 1 0 1 1 1 1 0 1 1 1 1 1 1 0 1 1 1 1 1 0 1 1 1 1 0 0 1 0 1 0 0 0 0 1 1 1 1 0 0 0 1 1 1 1 1 1 1 1 0 1 1 0 1 0 1 1 1 1 0 0
"228" 0 0 0 0 0 0 1 1 1 1 0 0 1 0 1 0 1 1 0 0 1 0 0 0 1 0 1 0 0 1 0 0 0 0 0 0 0 0 1 1 0 0 1 1 1 0 0 0 0 0 0 0 0 0 0 1 0 0 1 1 1 0 1 1 0 0 1 1 0 0 0 0 0 1 0 0 0 1 1 0 1 1 0 0 0 0 0 0 0 1 0 0 1 1 1 1 1 1 0 0
"229" 1 1 1 1 1 1 1 1 1 1 1 1 1 0 1 1 0 1 1 1 1 0 1 1 1 1 1 1 1 1 1 1 1 1 1 1 1 1 1 1 1 0 1 1 1 1 1 1 1 1 1 1 1 1 1 1 1 1 1 1 1 1 1 1 0 1 1 1 1 1 1 1 1 1 1 1 1 1 1 1 1 1 1 1 1 1 1 1 1 1 1 1 1 1 1 1 1 1 1 1
"230" 0 0 0 0 0 0 1 1 1 1 0 0 1 0 1 1 0 1 0 0 1 0 0 0 1 0 1 0 0 1 0 0 0 0 0 0 0 0 1 1 1 0 1 1 1 0 0 0 0 0 0 0 0 1 0 1 0 0 1 1 1 0 1 1 0 0 1 1 0 0 0 0 0 1 0 0 0 1 1 0 1 1 0 0 0 0 0 0 0 1 0 0 1 1 1 1 1 1 0 0
"231" 1 1 1 1 1 1 1 1 1 1 1 1 1 0 1 1 0 1 1 1 1 0 1 1 1 1 1 1 1 1 1 1 1 1 1 1 1 1 1 1 1 0 1 1 1 1 1 1 1 1 1 1 1 1 1 1 1 1 1 1 1 1 1 1 0 1 1 1 1 1 1 1 1 1 1 1 1 1 1 1 1 1 1 1 1 1 1 0 1 1 1 1 1 1 1 1 1 1 1 1
"232" 1 1 1 1 1 1 1 1 1 1 1 0 1 1 0 1 1 1 1 1 1 0 1 1 1 1 1 0 1 1 1 1 1 1 1 1 1 1 1 1 1 0 1 1 1 1 1 1 1 1 1 1 0 1 1 1 1 1 1 1 1 1 1 1 0 1 1 1 1 0 1 1 1 1 1 1 1 1 1 1 1 1 1 1 1 1 0 1 1 0 1 1 1 1 1 1 1 1 1 1
"233" 1 0 0 0 0 1 1 1 1 1 1 0 1 1 0 1 1 1 1 1 1 0 1 1 1 1 0 0 1 1 1 0 0 0 0 1 1 1 1 1 1 0 1 1 1 1 0 0 1 0 1 1 0 1 1 1 1 0 1 1 1 0 1 1 0 1 1 1 0 0 0 0 1 1 0 1 1 1 0 0 1 1 0 0 0 0 0 0 1 0 0 1 1 1 1 1 1 1 0 0
"234" 1 1 1 1 1 1 0 0 0 0 1 1 0 0 0 0 0 0 1 1 0 0 1 1 0 1 0 0 1 0 1 1 1 1 1 0 1 1 0 0 0 0 0 0 0 1 1 1 1 1 1 1 0 0 1 0 1 1 0 0 0 1 0 0 0 1 0 0 1 1 1 1 1 0 1 1 1 0 0 1 0 0 1 1 1 1 1 1 0 0 1 1 0 0 0 0 0 0 1 1
"235" 1 1 1 1 1 1 0 0 0 0 1 1 0 0 0 0 0 0 1 0 0 0 1 1 0 1 0 1 1 0 1 1 1 1 1 0 1 1 0 0 0 0 0 0 0 1 1 1 1 1 1 1 1 1 1 0 1 1 0 0 0 1 0 0 0 1 0 0 1 1 1 1 1 0 1 1 1 0 0 1 0 0 1 1 1 1 1 1 1 0 1 1 0 0 0 0 0 0 1 1
"236" 1 1 1 1 1 1 0 0 0 0 1 1 1 0 1 1 0 0 1 0 0 0 1 1 0 1 1 1 1 0 1 1 1 1 1 1 1 1 1 0 0 0 0 0 0 1 1 1 1 1 1 1 1 1 1 0 1 1 1 0 1 1 0 0 0 1 0 0 1 1 1 1 1 1 1 1 1 0 1 1 0 0 1 1 1 1 1 1 1 0 1 1 0 1 0 0 0 0 1 1
"237" 1 1 1 1 1 1 0 0 0 0 1 0 0 0 0 0 0 0 1 1 0 0 1 1 0 1 0 1 1 0 1 1 1 1 1 0 1 1 0 0 0 0 0 0 0 1 1 1 1 1 1 1 1 0 1 0 1 1 0 0 0 1 0 0 0 1 0 0 1 1 1 1 1 0 1 1 1 0 0 1 0 0 1 1 1 1 1 1 1 0 1 1 0 0 0 0 0 0 1 1
"238" 1 1 1 1 1 1 1 1 1 1 1 0 1 0 1 1 0 1 1 1 1 1 1 1 1 1 1 1 1 1 1 1 1 1 0 1 1 1 1 1 1 0 1 1 1 1 1 1 1 1 1 1 1 1 1 1 1 1 1 1 0 1 1 1 1 1 1 1 1 1 1 1 1 1 1 1 1 1 0 1 1 1 1 1 1 1 1 1 1 1 1 1 1 1 1 1 1 1 1 1
"239" 1 1 1 1 1 1 0 0 0 0 1 0 0 0 0 0 0 0 1 0 0 0 1 1 0 1 0 1 1 0 1 1 1 1 1 0 0 1 0 0 0 0 0 0 0 1 1 1 1 1 1 1 1 0 1 0 1 1 0 0 0 1 0 0 0 1 0 0 1 1 1 1 1 0 1 1 0 0 0 1 0 0 1 1 1 1 1 1 1 0 1 1 0 0 0 0 0 0 1 1
"240" 0 0 0 0 0 0 1 1 1 1 0 0 1 0 1 1 0 1 0 0 1 1 0 0 1 0 1 0 0 1 0 0 0 0 0 0 0 0 1 1 1 0 1 1 1 0 0 0 1 0 0 0 0 0 0 1 0 0 1 1 1 0 1 1 1 0 1 1 0 0 0 0 0 1 0 0 0 1 1 0 1 1 0 0 0 0 0 0 0 1 0 0 1 1 1 1 1 1 0 0
"241" 0 0 0 0 0 0 1 1 1 1 0 0 1 0 1 1 0 1 0 0 1 1 0 0 1 0 1 0 0 1 0 0 0 0 0 0 0 0 1 1 1 0 1 1 1 0 0 0 0 0 0 0 0 1 0 1 0 0 1 1 1 0 1 1 1 0 1 1 0 0 0 0 0 1 0 0 0 1 1 0 1 1 0 0 0 0 0 0 0 1 0 0 1 1 1 1 1 1 0 0
"242" 0 0 0 0 0 0 1 1 1 1 0 0 1 0 1 1 0 1 0 0 1 1 0 0 1 0 1 0 0 1 0 0 0 0 0 0 0 0 1 1 1 0 1 1 1 0 0 0 0 0 0 0 0 1 0 1 0 0 1 1 1 0 1 1 1 0 1 1 0 0 0 0 0 1 0 0 0 1 1 0 1 1 0 0 0 0 0 0 0 1 0 0 1 1 1 1 1 1 0 0
"243" 1 1 1 1 1 0 1 1 1 1 1 0 1 0 1 1 0 1 1 1 1 1 1 1 1 1 1 1 1 1 1 1 1 1 1 1 1 1 1 1 1 0 1 1 1 1 1 1 1 1 1 1 1 1 1 1 0 1 1 1 1 1 1 1 1 1 1 1 1 1 1 1 1 1 1 1 1 1 1 1 1 1 1 1 1 1 1 1 1 1 1 1 1 1 1 1 1 1 1 1
"244" 0 0 0 0 0 0 1 1 1 1 0 0 0 0 0 0 0 1 0 1 1 1 0 0 1 0 0 0 0 1 0 0 0 0 0 0 0 0 0 0 0 0 1 1 1 0 0 0 0 0 0 0 0 0 0 1 0 0 0 0 0 0 1 1 1 0 0 0 0 0 0 0 0 0 0 0 0 1 0 0 1 1 0 0 0 0 0 0 0 1 0 0 1 0 1 1 1 1 0 0
"245" 0 0 0 0 0 0 1 1 1 1 0 0 1 0 1 1 0 1 0 0 1 1 0 0 1 0 1 0 0 1 0 0 0 0 0 0 0 0 1 1 0 0 1 1 1 0 0 0 0 0 0 0 0 0 0 1 0 0 1 1 1 0 1 1 1 0 1 1 0 0 0 0 0 1 0 0 0 1 1 0 1 1 0 0 0 0 0 0 0 1 0 0 1 1 1 1 1 1 0 0
"246" 0 0 0 0 0 0 1 1 1 0 0 0 1 0 1 0 1 1 0 0 1 1 0 0 1 0 1 0 0 1 0 0 0 0 0 1 0 0 1 1 1 0 1 1 1 0 0 0 0 0 0 0 0 0 0 1 0 0 1 1 1 0 1 1 1 0 0 1 0 0 0 0 0 1 0 0 0 1 1 0 1 1 0 0 0 0 0 0 0 1 0 0 1 1 1 1 1 1 0 0
"247" 0 0 0 0 0 0 1 1 1 1 0 0 1 0 1 1 1 1 0 0 1 1 0 0 1 0 1 0 0 1 0 0 0 0 0 1 0 0 1 1 1 0 1 1 1 0 0 0 0 0 0 0 0 1 0 1 0 0 1 1 1 0 1 1 1 0 1 1 0 0 0 0 0 1 0 0 0 1 1 0 1 1 0 0 0 0 0 0 0 1 0 0 1 1 1 1 1 1 0 0
"248" 1 1 1 1 1 1 0 0 0 0 1 1 0 0 0 0 0 0 1 0 0 0 1 1 0 1 0 1 1 0 1 1 1 1 1 0 1 1 0 0 0 0 0 0 0 1 1 1 1 1 1 1 1 0 0 0 1 1 0 0 0 1 0 0 0 1 0 0 1 1 1 1 0 0 1 0 1 0 0 1 0 0 1 1 1 1 1 1 0 0 1 1 0 0 0 0 0 0 1 1
"249" 0 0 0 0 0 0 1 1 1 1 0 0 1 0 0 0 1 1 0 1 1 1 0 0 1 0 1 0 0 1 0 0 0 0 0 1 0 0 1 1 1 0 1 1 1 0 0 0 0 0 0 0 0 0 0 1 0 0 1 0 1 0 1 1 1 0 1 1 0 0 0 0 0 1 0 0 0 1 0 0 1 1 0 0 0 0 0 0 0 1 0 0 1 1 1 1 1 1 0 0
"250" 1 1 1 1 1 1 1 1 1 1 1 1 1 0 1 1 1 1 1 1 1 1 1 1 1 1 1 1 1 1 1 1 1 1 1 1 1 1 1 1 1 0 1 1 1 1 1 1 1 1 1 1 1 1 0 1 1 1 1 1 1 1 1 1 1 1 1 1 1 1 1 1 1 1 1 1 1 1 1 1 1 1 1 1 1 1 1 1 1 1 1 1 1 1 1 1 1 1 1 1
"251" 1 1 1 1 1 1 0 0 0 0 1 1 0 0 0 0 0 0 1 1 0 0 1 1 0 1 0 1 1 0 1 1 1 1 1 0 1 1 0 0 0 0 0 0 0 1 1 1 1 1 1 1 1 0 1 0 1 1 0 0 0 1 0 0 0 1 0 0 1 1 1 1 1 0 1 1 1 0 0 1 0 0 1 1 1 1 1 1 0 0 1 1 0 0 0 0 0 0 1 1
"252" 0 0 0 1 0 1 1 1 1 1 0 1 1 0 1 1 1 1 1 1 1 1 0 0 1 0 1 1 0 1 1 1 0 0 1 1 1 0 1 1 1 0 1 1 1 1 0 0 0 0 1 0 1 1 1 1 0 0 1 1 1 1 1 1 1 0 1 1 1 0 0 0 1 1 0 1 1 1 1 1 1 1 0 1 0 1 1 0 1 1 1 1 1 1 1 1 1 1 0 0
"253" 1 1 1 1 1 1 1 1 1 1 1 1 1 0 1 1 1 1 1 1 1 1 1 1 1 1 1 1 1 1 1 1 1 1 1 1 1 1 1 1 1 0 1 1 1 1 1 1 1 1 1 1 1 1 1 1 1 1 1 1 1 1 1 1 1 1 1 1 1 1 1 1 1 1 1 1 1 1 1 1 1 1 1 1 1 1 1 1 1 1 1 1 1 1 1 1 1 1 1 1
"254" 1 1 1 1 1 1 0 0 0 0 1 1 0 0 0 0 0 0 1 1 0 0 1 1 0 1 0 1 1 0 1 1 1 1 1 0 1 1 0 0 1 0 0 0 0 1 1 1 1 1 1 1 1 1 1 0 1 1 0 0 0 1 0 0 0 1 0 0 1 1 1 1 1 0 1 1 1 0 0 1 0 0 1 1 1 1 1 1 1 0 1 1 0 0 0 0 0 0 1 1
"255" 0 0 0 0 0 0 1 1 1 1 0 0 1 0 1 0 1 1 0 0 1 1 0 0 1 0 1 0 0 1 0 0 0 0 0 0 0 0 1 1 0 0 1 1 1 0 0 0 0 0 0 0 0 0 0 1 0 0 1 1 1 0 1 1 1 0 1 1 0 0 0 0 0 1 0 0 0 1 1 0 1 1 0 0 0 0 0 0 0 1 0 0 1 1 1 1 1 1 0 0
"256" 1 1 1 1 1 1 1 1 0 1 1 1 0 0 1 1 0 0 1 1 0 1 1 1 0 1 1 1 1 0 1 1 1 1 1 1 1 1 0 0 1 0 0 0 0 1 1 1 1 1 1 1 1 1 1 1 1 1 1 1 1 1 0 1 0 1 1 0 1 0 1 1 1 1 1 1 1 0 0 1 0 0 1 1 1 1 1 1 1 0 1 1 0 0 0 0 0 0 1 1
"257" 1 1 1 1 1 0 0 0 0 0 1 1 0 0 0 0 0 0 1 0 0 0 1 1 0 0 0 0 0 0 0 0 1 1 0 0 0 0 0 0 0 0 0 0 0 0 0 1 1 0 0 1 1 0 1 0 1 1 0 0 0 0 0 0 0 1 0 0 0 0 1 1 0 0 1 0 0 0 0 1 0 0 1 0 1 1 1 1 0 0 1 0 0 0 1 0 0 0 1 1
"258" 0 0 0 0 0 0 1 1 1 1 0 0 1 0 1 1 1 1 0 0 1 1 0 0 1 0 1 0 0 1 0 0 0 0 0 1 1 1 1 1 1 0 1 1 1 0 0 0 0 0 0 0 0 0 0 1 0 0 1 1 1 0 1 1 1 0 1 1 1 1 0 0 0 1 0 1 0 1 1 0 1 1 0 0 0 0 0 0 0 1 0 0 1 1 1 1 1 1 0 0
"259" 0 0 0 0 0 0 1 0 1 1 0 0 1 0 1 1 1 1 0 0 1 1 0 0 1 0 1 0 0 1 0 0 0 0 0 1 1 0 1 1 1 0 1 1 1 0 0 0 0 0 0 0 0 1 0 1 0 0 1 1 1 0 1 1 1 0 1 1 0 0 0 0 0 1 0 0 0 1 1 0 1 1 0 0 0 0 0 0 0 1 0 0 1 1 1 1 1 1 0 0
"260" 0 0 0 0 0 0 1 1 1 1 0 0 1 0 1 0 1 1 0 0 1 1 0 0 1 0 1 0 0 1 0 0 0 0 0 1 0 0 1 1 1 0 1 1 1 0 0 0 0 0 0 0 0 1 0 1 0 0 1 1 1 0 1 1 1 0 1 1 0 0 0 0 0 1 0 0 0 1 1 0 1 1 0 0 0 0 0 0 0 1 0 0 1 1 1 1 1 1 0 0
"261" 1 0 0 0 0 1 0 0 0 0 1 0 0 0 0 0 0 0 1 0 0 0 0 1 0 0 0 1 0 0 1 1 0 1 0 0 0 0 0 0 0 0 0 0 0 0 0 1 1 0 0 1 1 0 1 1 1 1 0 0 0 0 0 0 0 1 0 0 0 0 0 0 0 0 1 0 0 0 0 1 0 0 0 0 0 1 0 0 0 0 0 0 0 0 0 0 0 0 0 0
"262" 0 0 0 0 0 0 1 1 1 0 0 0 0 0 0 0 0 1 0 1 1 1 0 0 1 0 1 0 1 1 0 0 0 0 1 0 0 1 1 1 1 0 1 1 0 0 0 0 0 0 1 0 0 1 0 1 0 0 1 1 1 0 1 1 1 0 0 1 0 0 0 0 0 0 0 1 0 1 1 0 1 1 0 0 0 0 0 0 0 1 0 0 1 1 1 1 0 0 0 0
"263" 1 1 1 1 1 0 1 1 1 1 0 1 1 0 1 1 0 1 1 1 1 1 1 1 1 1 1 1 1 0 1 1 1 1 1 1 1 1 1 0 1 0 1 0 1 1 1 0 1 1 1 1 1 1 0 1 0 0 1 1 1 1 0 1 0 1 1 1 1 1 0 0 1 1 0 1 1 0 0 0 1 1 1 1 0 1 1 1 1 1 1 1 1 1 0 0 1 0 1 1
"264" 1 1 1 1 1 1 1 1 1 1 1 1 1 0 0 1 0 0 1 0 1 1 1 1 1 1 1 1 1 1 1 1 1 1 1 1 1 1 1 1 1 0 1 1 1 1 1 1 1 1 1 1 1 1 1 1 1 1 1 1 1 1 1 1 0 1 1 1 1 1 0 1 1 1 1 1 1 1 1 1 1 1 1 1 1 1 1 1 1 1 1 1 1 1 1 1 1 1 1 1
"265" 1 0 1 1 1 1 0 0 0 0 1 1 0 0 0 0 0 0 1 0 0 0 1 1 0 1 0 1 1 0 1 1 1 1 0 0 1 1 0 0 0 0 0 0 0 1 1 1 1 1 0 1 1 0 1 0 1 1 0 0 0 1 0 0 0 1 0 0 1 1 1 1 1 0 1 1 1 0 0 0 0 0 1 1 1 1 1 1 0 0 1 1 0 0 0 0 0 0 1 1
"266" 1 1 1 1 1 1 0 1 0 1 1 1 0 0 0 0 0 0 1 0 0 0 1 1 0 1 0 1 1 0 1 1 1 1 0 0 1 1 0 0 0 0 0 0 0 1 1 1 1 1 1 1 1 0 1 0 1 1 0 0 0 1 0 0 0 1 0 0 1 1 1 1 1 0 1 1 1 0 0 1 0 0 1 1 1 1 1 1 0 0 1 1 0 0 0 0 0 0 1 1
"267" 1 1 1 1 1 1 0 0 0 0 1 1 0 0 0 0 0 0 1 0 0 0 1 1 0 1 0 1 1 0 1 1 1 1 0 0 1 1 0 0 0 0 0 0 0 1 1 1 1 1 0 1 1 0 1 0 1 1 0 0 0 1 0 0 0 1 0 0 1 1 1 1 1 0 1 1 1 0 0 1 0 0 1 1 1 1 1 1 0 0 1 1 0 0 0 0 0 0 1 1
"268" 1 1 0 0 1 1 0 0 0 0 1 0 0 0 0 0 0 0 1 0 0 0 1 1 0 1 0 1 1 0 1 1 1 1 1 0 0 0 0 0 0 0 0 0 0 1 1 1 1 1 0 1 1 0 1 0 1 1 0 0 0 1 0 0 0 1 0 0 1 1 1 1 0 0 1 0 0 0 0 1 0 0 1 1 1 1 1 1 0 0 1 0 0 0 0 0 0 0 1 1
"269" 0 0 0 1 0 1 1 1 1 1 0 0 1 0 1 1 0 1 0 0 1 1 1 0 1 0 1 0 0 1 1 0 0 0 1 1 0 0 1 1 1 1 1 1 1 0 0 0 0 0 1 0 0 1 1 1 0 0 1 1 1 1 1 1 1 0 1 1 1 0 0 0 0 1 0 0 0 1 1 0 1 1 0 0 0 1 0 0 1 1 0 0 1 1 1 1 1 1 0 0
"270" 0 0 0 0 0 0 1 1 1 1 0 0 1 0 1 1 0 1 0 0 1 1 0 0 1 0 1 0 0 1 0 0 0 0 1 1 1 1 1 1 1 0 1 1 1 0 0 0 0 0 1 0 0 1 0 1 0 0 1 1 1 0 1 1 1 0 1 1 0 0 0 0 0 1 0 1 0 1 1 0 1 1 0 0 0 0 0 0 1 1 0 0 1 1 1 1 1 1 0 0
"271" 0 1 1 0 1 1 1 1 1 1 0 1 1 0 1 1 0 1 1 0 1 1 1 1 1 0 1 1 0 1 1 1 1 1 1 1 1 0 1 1 1 0 1 1 1 1 1 0 0 0 1 1 1 1 0 1 0 0 1 1 1 1 1 1 1 1 1 1 1 1 1 0 1 1 1 1 1 1 1 1 1 1 1 1 0 0 1 1 1 1 0 1 1 1 1 1 1 1 0 0
"272" 1 1 1 1 1 1 1 1 1 1 1 1 1 0 1 1 0 1 1 0 1 1 1 1 1 1 1 1 1 1 1 1 1 1 1 1 1 1 1 1 1 1 1 1 1 1 1 1 1 1 1 1 1 1 1 1 1 1 1 1 1 1 1 1 1 1 1 1 1 1 1 1 1 1 1 1 1 1 1 1 1 1 1 1 1 1 1 1 1 1 1 1 1 1 1 1 1 1 1 1
"273" 0 1 1 1 0 1 1 1 0 1 0 1 1 0 1 1 0 1 1 0 1 1 0 0 1 0 1 1 1 1 0 1 0 0 1 1 1 1 1 1 1 0 1 1 1 1 0 0 1 1 1 1 1 1 0 1 1 1 1 1 1 1 1 1 0 1 1 1 1 0 0 0 1 1 1 1 1 1 0 0 1 1 1 1 0 1 1 0 1 1 0 1 1 0 1 1 1 1 0 0
"274" 1 1 1 1 1 1 1 1 0 1 0 1 1 0 1 1 0 1 1 0 1 1 1 1 1 1 1 1 1 1 1 1 0 1 1 1 1 1 1 1 1 0 1 1 1 1 1 1 1 1 1 1 1 1 0 1 1 1 1 1 1 1 1 1 0 1 1 1 1 1 0 0 1 1 1 1 1 1 0 1 1 1 1 1 1 1 1 1 1 1 1 1 1 0 1 1 1 1 0 0
"275" 1 1 1 1 1 1 1 1 0 1 1 1 1 0 1 1 0 1 1 0 1 1 1 1 1 1 1 1 1 1 1 1 1 1 1 1 1 1 1 1 1 0 1 1 1 1 1 1 1 1 1 1 1 1 1 1 1 1 1 1 1 1 1 1 0 1 1 1 1 1 1 1 1 1 1 1 1 1 0 1 1 1 1 1 1 1 1 1 1 1 1 1 1 0 1 1 1 1 1 0
"276" 0 1 1 1 1 1 1 1 1 1 1 1 1 0 1 1 0 1 1 0 1 1 1 1 1 1 1 1 1 0 1 1 1 1 1 1 1 1 0 1 1 0 1 1 1 1 1 1 1 1 1 1 1 1 1 1 1 0 1 1 1 1 1 1 0 1 1 1 1 1 1 1 0 1 1 1 1 1 1 1 1 1 1 1 1 1 0 1 1 1 1 1 1 1 1 1 1 1 1 1
"277" 1 1 1 1 1 1 1 1 1 1 1 1 1 0 1 1 0 1 1 0 1 1 1 1 1 1 1 1 1 1 1 1 1 1 1 1 1 1 1 1 1 0 1 1 1 1 1 1 1 1 1 1 1 1 1 1 1 0 1 1 1 1 1 1 0 1 1 1 1 1 1 1 1 1 1 1 1 1 1 1 1 1 1 1 1 1 1 1 1 1 1 1 1 1 1 1 1 1 1 1
"278" 1 1 1 1 1 1 0 0 0 0 1 1 1 0 1 1 0 0 1 1 1 1 1 1 0 1 1 1 1 0 1 1 1 1 0 1 1 1 0 0 0 0 0 0 0 1 1 1 1 1 1 1 1 1 1 0 1 0 0 0 0 1 0 0 0 1 1 0 1 1 1 1 1 0 1 1 1 0 0 1 0 0 1 1 1 1 1 1 0 1 1 1 0 0 0 0 1 1 1 1
"279" 1 1 1 1 1 1 0 0 0 0 1 1 0 0 0 0 0 0 1 0 1 1 1 1 0 1 0 1 1 0 1 1 1 1 1 0 1 1 0 0 0 0 0 0 0 1 1 1 1 1 0 1 1 0 1 0 1 0 0 0 0 1 0 0 0 1 0 0 1 1 1 1 1 0 1 1 1 0 0 1 0 0 1 1 1 1 1 1 0 0 1 1 0 0 0 0 0 0 1 1
"280" 1 1 1 1 1 1 0 0 0 0 1 1 0 0 0 0 0 0 1 0 0 1 1 1 0 1 1 1 1 0 1 1 1 1 0 0 1 1 0 0 0 0 0 0 0 1 1 1 1 1 0 1 1 0 1 0 1 0 0 0 0 1 0 0 0 1 0 0 1 1 1 1 1 0 1 1 1 0 0 1 0 0 1 1 1 1 1 1 0 0 1 1 0 0 0 0 0 0 1 1
"281" 1 1 1 1 1 1 1 1 1 1 1 1 1 0 1 1 0 1 1 0 1 1 1 1 1 1 1 1 1 1 1 1 1 1 1 1 1 1 1 1 1 0 1 1 1 1 1 1 1 1 1 1 1 1 1 1 1 0 1 1 1 1 1 1 1 1 1 1 1 1 1 1 1 1 1 1 1 1 1 1 1 1 1 1 1 1 1 1 1 1 1 1 1 1 1 1 1 1 0 1
"282" 1 1 1 1 1 1 0 0 0 0 1 1 0 0 0 0 0 0 1 0 0 0 1 1 0 1 0 1 1 0 1 1 1 1 0 0 1 1 0 0 0 0 0 0 0 1 1 1 1 1 0 1 1 0 1 0 1 0 0 0 0 1 0 0 0 1 0 0 1 1 1 1 1 0 1 1 1 0 0 1 0 0 1 1 1 1 1 1 0 0 1 1 0 0 0 0 0 0 1 1
"283" 1 1 1 1 0 1 1 1 1 1 1 1 1 0 1 1 0 1 1 0 1 1 1 1 1 1 1 1 1 1 1 1 1 1 1 1 1 1 1 1 1 0 1 1 1 1 1 1 1 1 1 1 1 1 1 1 1 0 1 1 1 1 1 1 1 1 1 1 1 1 1 0 1 1 1 1 1 1 1 1 1 1 1 1 1 1 1 1 1 1 1 1 1 1 1 1 1 1 1 1
"284" 1 1 1 1 1 1 0 0 0 0 1 1 0 0 0 0 0 0 1 0 0 1 1 1 0 1 0 1 1 0 1 1 1 1 0 0 1 1 0 0 0 0 0 0 0 1 1 1 1 1 1 1 1 0 1 0 1 0 0 0 0 1 0 0 0 1 0 0 1 1 1 1 1 0 1 1 1 0 0 1 0 0 1 1 1 1 1 1 0 0 1 1 0 0 0 0 0 0 1 1
"285" 1 1 1 1 1 1 0 0 0 0 1 1 0 0 0 0 0 0 1 0 0 0 1 1 0 1 0 1 1 0 1 1 1 1 0 0 1 1 0 0 0 0 0 0 0 1 1 1 1 1 0 1 1 0 1 0 1 1 0 0 0 1 0 0 0 1 0 0 1 1 1 1 1 0 1 1 1 0 0 1 0 0 1 1 1 1 1 1 0 0 1 1 0 0 0 0 0 0 1 1
"286" 1 1 1 1 0 0 1 1 1 1 0 1 1 0 1 1 0 1 1 0 1 1 1 1 1 0 1 1 0 1 1 1 1 1 1 1 1 1 1 1 1 0 1 1 1 1 1 1 1 0 1 1 0 1 0 1 1 0 1 1 0 1 1 1 1 1 0 1 1 1 1 0 1 1 0 1 1 1 1 0 1 1 1 1 1 1 1 1 0 1 1 1 1 1 1 1 0 1 1 0
"287" 0 1 1 1 0 1 1 1 1 1 1 1 1 0 1 1 0 1 1 0 1 1 0 0 1 1 1 1 1 1 0 1 0 1 1 1 1 1 1 1 1 0 1 1 1 1 1 1 1 1 1 1 1 1 1 1 1 0 1 1 1 1 1 1 1 0 1 1 1 1 0 1 1 1 0 1 1 1 1 1 1 1 1 1 0 0 0 1 1 1 1 1 1 1 1 1 1 1 0 0
"288" 1 1 1 1 1 1 0 1 0 0 1 1 1 0 1 1 0 0 1 0 0 1 1 1 0 1 1 1 1 0 1 1 1 1 0 0 1 1 0 0 0 0 1 0 0 1 1 1 1 1 0 1 1 1 1 0 1 1 0 0 0 1 0 0 1 1 1 1 1 1 1 1 1 0 1 1 1 0 0 1 0 0 1 1 1 1 1 1 0 0 1 1 0 0 0 0 0 0 1 1
"289" 1 1 1 1 1 1 0 1 0 0 1 1 0 0 1 1 0 1 1 0 1 1 1 1 1 1 1 1 1 0 1 1 1 1 1 1 1 1 0 0 0 0 0 1 0 1 1 1 1 1 1 1 1 1 1 0 1 1 0 0 0 1 0 0 1 1 1 1 1 1 1 1 1 0 1 1 0 1 1 1 1 1 1 1 1 0 1 1 0 0 1 1 0 0 0 1 0 1 1 1
"290" 1 1 1 1 1 1 1 1 1 1 1 1 1 0 1 1 0 1 1 0 1 1 1 1 1 1 1 1 1 1 1 1 1 1 0 1 1 1 1 1 1 0 1 1 1 1 1 1 1 1 1 1 1 1 1 1 1 1 1 1 1 1 1 1 1 1 1 1 1 1 1 1 1 1 1 1 1 1 1 1 1 1 1 1 1 0 1 1 1 1 1 0 1 1 1 1 1 1 1 1
"291" 1 1 1 1 1 1 1 1 1 1 1 1 1 0 1 1 0 1 1 0 1 1 1 1 1 1 1 1 1 1 1 1 1 1 1 1 1 1 1 1 1 0 1 1 1 1 1 1 1 1 1 1 1 1 1 1 1 1 1 1 1 1 1 1 1 1 1 1 1 1 1 1 1 1 1 1 1 1 1 1 1 1 1 1 1 0 1 1 1 1 1 1 1 1 1 1 1 1 1 1
"292" 0 0 0 0 0 0 1 1 1 1 0 0 1 0 1 1 0 1 0 0 1 1 0 0 1 0 1 0 0 1 0 0 0 0 1 1 0 0 1 1 1 0 1 1 1 0 0 0 0 0 1 0 0 1 0 1 0 0 1 1 1 0 1 1 0 0 1 1 0 0 0 0 0 1 0 0 0 1 1 0 1 1 0 0 0 0 0 0 1 0 0 0 1 1 1 1 1 1 0 0
"293" 0 1 1 1 0 1 1 1 1 1 0 1 1 0 1 1 1 1 1 1 1 1 0 0 1 1 1 1 1 1 0 0 0 1 1 1 1 1 1 1 1 0 1 1 1 1 1 0 1 1 1 0 1 1 0 1 1 1 1 1 1 0 1 1 1 0 1 1 1 1 1 0 1 1 1 1 1 1 1 1 1 1 0 1 0 1 1 0 1 1 1 1 1 1 1 1 1 1 0 0
"294" 0 0 0 0 0 0 1 1 1 1 0 0 1 0 1 1 1 1 0 0 1 1 0 0 1 0 1 0 0 1 0 0 0 0 1 1 0 0 1 1 1 0 1 1 1 0 0 0 0 0 1 0 0 1 0 1 0 0 1 1 1 0 1 1 1 0 0 1 0 0 0 0 0 1 0 0 0 1 1 0 1 1 0 0 0 0 0 0 1 1 0 0 1 1 1 1 1 1 0 0
"295" 1 1 1 1 1 1 0 0 0 0 1 1 0 0 0 0 0 0 1 1 0 0 1 1 0 1 0 1 1 0 1 1 1 1 0 0 0 0 0 0 0 0 0 0 0 1 1 1 1 1 0 1 1 0 1 0 1 1 0 0 1 1 0 0 0 1 0 0 1 1 1 1 1 0 1 1 1 0 0 0 0 0 1 1 1 1 1 1 0 0 1 1 0 0 0 0 0 0 1 1
"296" 0 0 0 0 0 0 1 1 1 1 0 0 1 0 1 1 1 1 0 0 1 1 0 0 1 0 1 0 0 1 0 0 0 0 1 1 0 0 1 1 1 0 1 1 1 0 0 0 0 0 1 0 0 1 0 1 0 0 1 1 1 0 1 1 0 0 1 1 0 0 0 0 0 1 0 0 0 1 1 0 1 1 0 0 0 0 0 0 1 1 0 0 1 1 1 1 1 1 0 0
"297" 0 0 0 0 0 0 1 1 1 1 0 0 1 0 1 1 1 1 0 0 1 1 0 0 1 0 1 0 0 1 0 0 0 0 1 1 0 0 1 1 1 0 1 1 1 0 0 0 0 1 1 0 0 1 0 1 0 0 1 1 1 0 1 1 1 0 1 1 0 0 0 0 0 1 0 1 0 1 1 0 1 1 0 0 0 0 0 0 1 1 0 0 1 1 1 1 1 1 0 0
"298" 0 0 0 0 0 0 1 1 1 1 0 0 1 0 1 1 0 1 0 0 1 1 0 0 1 0 1 0 0 1 0 0 0 0 0 1 0 0 1 1 1 0 1 1 1 0 0 0 0 0 1 0 0 0 0 1 0 0 1 1 1 0 1 1 1 0 1 1 0 0 0 0 0 1 0 0 0 1 1 0 1 1 0 0 0 0 0 0 1 1 0 0 1 1 1 1 1 1 0 0
"299" 0 0 0 0 0 0 1 1 1 1 0 0 1 0 1 1 1 1 0 0 1 1 0 0 1 0 1 0 0 1 0 0 0 0 0 1 0 0 1 1 1 0 1 1 1 0 0 0 0 0 1 0 0 1 0 1 0 0 1 1 1 0 1 1 1 0 1 1 0 0 0 0 0 1 0 0 0 1 1 0 1 1 0 0 0 0 0 0 1 1 0 0 1 1 1 1 1 1 0 0
"300" 0 0 0 0 0 0 1 1 1 1 0 0 1 0 1 1 1 1 0 0 1 1 0 0 1 0 1 0 0 1 0 0 0 0 1 1 0 0 1 1 1 0 1 1 0 0 0 0 0 0 1 0 0 0 0 1 0 0 1 1 0 0 1 1 1 0 0 0 0 0 0 0 0 1 0 0 0 1 1 0 1 1 0 0 0 0 0 0 1 1 0 0 1 1 1 1 1 1 0 0
"301" 1 1 1 1 1 1 0 0 0 0 1 1 0 0 0 0 0 0 1 1 0 0 1 1 0 1 0 1 1 0 1 1 1 1 0 0 1 0 0 0 0 0 0 0 0 1 1 1 1 1 0 1 1 0 1 0 1 1 0 0 0 1 0 0 0 1 0 0 1 1 1 1 1 0 1 1 1 0 0 1 0 0 1 1 1 1 1 1 0 0 1 1 0 0 0 0 0 0 1 1
"302" 0 0 0 0 0 0 1 1 1 1 0 0 1 0 1 1 1 1 0 0 1 1 0 0 1 0 1 0 0 1 0 0 0 0 1 1 0 0 1 1 1 0 1 1 0 1 0 0 0 0 1 0 0 0 0 1 0 0 1 1 1 0 1 1 0 0 1 1 1 0 0 0 0 1 1 1 0 1 1 0 1 1 0 0 0 1 0 0 1 1 1 1 1 1 1 1 1 1 0 0
"303" 0 0 0 0 0 0 1 1 1 1 0 0 1 0 1 1 1 1 0 0 1 1 0 0 1 1 1 0 0 1 0 0 0 0 1 1 0 0 1 1 1 0 1 1 0 1 0 0 0 0 1 0 0 1 0 1 0 0 1 1 0 0 1 1 0 0 1 1 0 1 0 0 0 1 1 1 0 1 1 0 1 1 0 0 0 0 0 0 1 1 0 0 1 1 1 1 1 1 0 0
"304" 0 0 0 0 0 0 1 1 1 1 0 0 1 0 1 1 1 1 0 0 1 1 0 0 1 0 1 0 0 1 0 0 0 0 1 1 0 1 1 1 1 0 1 1 0 0 0 0 0 0 1 0 0 1 0 1 0 0 1 1 1 0 1 1 0 0 1 1 0 0 0 0 0 1 0 0 1 1 1 0 1 1 0 0 0 0 0 0 1 1 0 0 1 1 1 1 1 1 0 0
"305" 0 0 0 0 0 0 1 1 1 1 0 0 1 0 1 1 1 1 0 0 1 1 0 0 1 0 1 0 0 1 0 0 0 0 1 1 0 0 1 1 1 0 1 1 0 0 0 0 0 0 1 0 0 1 0 1 0 0 1 1 1 0 1 1 0 0 1 1 0 0 0 0 0 1 0 0 0 1 1 0 1 1 0 0 0 0 0 0 1 1 0 0 1 1 1 1 1 1 0 0
"306" 0 0 0 0 0 1 0 1 1 1 0 0 1 0 1 1 1 1 0 0 1 1 0 0 1 1 1 0 0 1 0 0 0 0 1 1 0 1 1 1 1 0 1 1 0 0 0 0 0 0 1 0 0 1 0 1 0 0 1 1 1 0 1 1 0 0 1 1 0 0 0 0 0 1 0 0 0 1 1 0 1 1 0 0 0 0 0 0 1 1 0 0 1 1 1 1 1 1 0 0
"307" 1 1 1 1 1 1 1 1 1 1 1 1 1 0 1 1 1 1 1 0 1 1 1 1 1 1 1 1 1 1 1 1 1 1 1 1 1 1 1 1 1 0 1 1 0 1 1 1 1 1 1 1 1 1 1 1 1 1 1 1 1 1 1 1 0 1 1 1 1 1 1 1 1 1 1 1 1 1 0 1 1 1 1 1 1 1 0 1 1 1 1 1 1 1 1 1 1 1 1 1
"308" 1 1 1 1 1 1 1 1 1 1 1 1 1 0 1 1 1 1 1 1 1 1 1 1 1 1 1 1 1 1 1 1 0 1 1 0 1 1 1 1 1 0 0 1 1 1 1 1 1 1 1 1 1 1 1 1 1 1 1 1 0 0 0 1 0 1 1 1 1 1 1 1 1 1 1 1 1 1 1 1 1 1 1 1 1 1 1 1 1 1 1 1 1 1 1 1 1 1 1 1
"309" 1 1 1 1 1 1 0 0 0 0 1 1 0 0 0 0 0 0 1 1 0 0 1 1 0 1 0 1 1 0 1 1 1 1 0 0 1 1 0 0 0 0 0 0 0 1 1 1 1 1 0 1 1 1 1 0 1 1 0 0 0 1 0 0 0 1 0 0 1 1 1 1 1 0 1 1 1 0 0 1 0 0 1 1 1 1 1 1 0 0 1 1 0 0 0 0 0 0 1 1
"310" 0 0 0 0 0 0 0 0 1 1 0 0 1 0 0 1 0 1 0 0 1 1 0 0 1 0 0 0 0 1 0 0 0 0 0 0 1 1 0 1 1 0 0 0 1 0 0 0 0 0 0 0 0 0 0 1 1 0 1 1 1 0 1 1 1 0 0 0 0 0 0 0 0 1 0 0 1 1 1 0 1 0 0 0 0 0 0 0 1 1 0 0 1 1 0 1 0 0 0 0
"311" 1 1 1 1 0 0 1 1 0 0 1 1 1 0 0 1 0 0 1 1 0 0 1 1 0 1 1 1 1 0 1 1 1 1 1 1 0 0 1 0 0 0 1 1 1 1 1 1 1 1 1 1 1 1 1 0 0 1 0 0 0 1 1 0 0 1 1 1 1 1 1 1 1 0 1 1 0 0 0 1 0 1 1 1 1 1 1 1 0 0 1 1 0 0 1 0 1 1 1 1
"312" 0 0 0 0 0 0 1 1 1 1 0 0 1 1 1 1 1 1 0 0 1 1 0 0 1 0 1 0 0 1 0 0 0 0 0 1 1 0 1 1 0 0 1 1 1 0 0 0 0 0 1 0 0 0 0 1 1 0 1 1 1 0 1 1 1 0 1 1 0 0 0 0 1 1 0 1 0 1 1 0 1 1 0 0 0 0 0 0 1 1 0 0 1 1 1 1 1 1 0 0
"313" 1 1 1 1 1 1 0 0 0 0 1 1 0 0 0 0 0 1 1 1 0 0 1 1 0 1 0 1 1 0 1 1 1 1 1 0 1 1 0 0 0 0 0 0 0 1 1 1 1 1 0 1 1 1 1 0 1 1 0 0 0 1 0 0 0 1 0 0 1 1 1 1 1 0 1 1 1 0 0 1 0 0 1 1 1 1 1 1 0 0 1 1 0 0 0 0 0 0 1 1
"314" 1 1 1 1 1 1 0 1 0 0 1 1 0 0 0 0 0 0 1 1 0 0 1 1 0 1 0 1 1 0 1 1 1 1 1 1 0 0 0 0 0 0 0 0 0 1 1 1 1 1 0 1 1 1 1 0 1 1 0 0 0 1 0 0 0 1 0 0 1 1 1 1 1 0 1 1 0 0 0 1 0 0 1 1 1 1 1 1 0 0 1 1 0 0 0 0 0 0 1 1
"315" 1 1 1 1 1 1 0 0 0 0 1 1 0 0 0 0 0 0 1 1 0 0 1 1 0 1 0 1 1 0 1 1 1 1 1 1 0 0 0 0 0 0 0 0 0 1 1 1 1 1 0 1 1 1 1 0 0 1 0 0 0 1 0 0 0 1 0 0 1 1 1 1 1 0 1 1 0 0 1 1 0 0 1 1 1 1 1 1 0 0 1 1 1 1 0 0 0 0 1 1
"316" 1 1 1 1 1 0 1 1 0 0 1 1 0 0 0 1 0 0 1 1 0 0 1 1 0 1 1 1 1 0 0 0 1 1 1 1 0 0 0 0 0 0 0 0 0 1 1 0 0 1 0 1 1 1 1 0 1 1 0 0 0 1 0 0 0 1 0 0 1 1 1 1 1 0 1 0 0 0 0 1 0 0 1 1 1 1 1 1 0 0 1 1 0 0 0 0 0 0 1 1
"317" 1 1 1 1 1 1 0 0 0 0 1 1 0 0 0 0 0 0 1 1 0 0 1 1 0 1 0 1 1 0 1 1 1 1 0 0 1 1 0 0 0 0 0 0 0 1 1 1 1 1 0 1 1 1 1 0 1 1 0 0 0 1 0 0 0 1 0 0 1 1 1 1 1 0 1 1 1 0 0 1 0 0 1 1 1 1 1 1 0 0 1 1 0 0 0 0 0 0 1 1
"318" 1 1 1 1 0 0 1 1 0 0 1 1 1 0 1 1 1 1 1 1 1 1 1 1 1 1 1 1 1 1 1 1 1 1 1 1 1 1 1 1 0 0 1 1 1 1 1 1 1 1 1 1 1 1 1 1 1 0 1 0 1 1 0 0 1 1 1 1 1 1 1 1 1 0 1 1 1 0 1 1 1 1 1 1 1 1 1 1 1 1 1 1 0 0 1 1 0 1 1 1
"319" 1 0 1 1 1 1 1 1 0 0 1 1 0 0 0 1 1 1 0 0 0 0 0 0 1 1 1 1 1 0 1 1 1 1 1 1 1 1 0 0 0 0 1 1 0 1 1 1 1 1 1 1 1 1 1 0 1 1 0 0 1 1 1 1 0 0 1 0 1 1 1 1 1 0 1 0 1 0 0 0 1 0 1 1 1 1 1 1 0 1 1 1 1 1 0 1 0 0 1 1
"320" 1 0 0 0 1 1 1 1 0 0 1 1 0 0 0 1 1 1 0 1 0 0 0 0 1 1 1 1 1 0 1 1 1 1 1 1 1 1 0 0 0 0 1 1 0 1 1 1 1 1 1 1 1 1 1 0 1 1 0 0 1 0 1 1 0 1 1 0 1 1 1 1 1 0 1 1 1 0 0 0 1 0 1 1 1 1 1 1 0 1 1 1 1 1 0 0 0 0 1 1
"321" 1 1 1 1 1 1 1 1 1 1 1 1 1 0 1 1 1 1 1 1 1 1 1 1 1 1 1 1 1 1 1 1 1 1 1 1 1 1 1 1 1 0 1 1 1 1 0 1 1 1 1 1 1 1 1 1 1 1 1 1 1 0 1 1 1 1 1 1 1 1 1 1 1 1 1 1 1 1 1 1 1 1 1 1 1 1 1 1 1 1 1 1 1 1 1 1 1 1 1 1
"322" 1 1 1 1 1 1 1 1 1 1 1 1 1 0 1 1 1 1 1 1 1 1 1 1 1 1 1 1 1 1 1 1 1 1 1 1 1 1 1 1 1 0 1 1 1 1 0 0 1 1 1 1 1 1 1 1 1 1 1 1 1 0 1 1 1 1 1 1 1 1 1 1 1 1 1 1 1 1 1 1 1 1 1 1 1 1 1 1 1 1 1 1 1 1 1 1 1 1 1 1
"323" 0 0 0 0 0 0 1 1 1 1 0 0 1 0 1 1 0 1 0 0 1 1 0 0 1 0 1 0 0 1 0 0 0 0 1 1 0 0 1 1 0 0 1 1 1 0 0 0 0 0 1 0 0 1 0 1 0 0 1 1 1 1 1 1 1 0 0 1 0 0 0 0 1 1 0 0 0 1 1 0 1 1 0 0 0 1 0 0 1 1 0 0 1 1 1 1 1 1 0 0
"324" 0 0 0 0 0 0 1 1 1 1 0 1 1 0 1 0 0 1 0 0 1 1 0 0 1 0 1 0 0 1 0 0 1 0 1 1 0 0 1 1 0 0 1 1 1 1 0 0 0 0 1 0 1 1 0 1 0 0 1 1 1 0 1 1 1 1 1 1 0 0 1 0 0 1 0 0 0 1 1 0 1 1 0 0 0 1 1 1 1 1 1 1 1 1 1 1 1 1 0 0
"325" 0 0 0 0 0 0 1 1 1 1 0 0 1 0 1 1 0 1 0 0 1 1 0 0 1 0 1 0 0 1 0 0 0 0 1 1 0 0 1 1 0 0 1 1 1 0 0 0 0 0 1 0 0 1 0 1 0 0 1 1 0 0 1 1 1 0 0 1 0 0 0 0 0 1 0 0 0 1 1 0 1 1 0 0 0 0 0 0 1 1 0 0 1 1 1 1 1 1 0 0
"326" 0 0 0 0 0 0 1 1 1 1 0 0 1 0 1 1 0 1 0 0 1 1 0 0 1 0 1 0 0 1 0 0 0 0 1 1 1 1 1 1 1 0 1 1 1 1 0 0 0 0 1 0 0 1 0 1 0 0 1 1 1 0 1 1 0 0 0 1 0 0 0 0 0 1 0 0 0 1 1 0 1 1 0 0 0 0 0 0 1 1 0 0 1 1 1 1 1 1 0 0
"327" 0 0 1 0 0 1 1 1 1 1 0 0 1 0 1 0 0 1 0 0 1 1 0 0 1 0 1 0 1 1 0 1 0 0 1 1 1 1 1 1 1 0 1 1 1 1 0 0 0 0 1 0 1 1 0 1 0 0 1 1 1 0 1 1 0 0 1 1 0 0 0 0 1 1 0 0 0 1 1 0 1 1 0 0 0 0 0 0 1 1 0 0 1 1 1 1 1 1 0 0
"328" 1 1 1 1 1 1 1 1 1 1 1 1 1 0 1 1 0 1 1 0 1 1 1 1 1 1 1 1 1 1 1 1 1 1 1 1 1 1 1 1 1 0 1 1 1 1 1 1 1 1 1 1 1 1 1 1 1 1 1 1 1 1 1 1 0 1 1 1 1 1 1 1 1 1 1 1 1 1 0 1 1 1 1 1 1 1 1 1 1 1 1 1 1 1 1 1 1 1 1 1
"329" 0 0 0 0 0 0 1 1 1 1 0 0 1 0 1 0 0 1 0 0 1 1 0 0 1 0 1 0 0 1 0 0 0 0 0 1 0 0 1 1 1 0 1 1 1 0 0 0 0 0 1 0 0 1 0 1 0 0 1 1 1 0 1 1 0 0 1 0 0 0 0 0 0 1 0 0 0 1 1 0 1 1 0 0 0 0 0 0 1 1 0 0 1 1 1 1 1 1 0 0
"330" 0 0 0 0 0 0 1 1 1 1 0 0 1 0 1 1 0 1 0 0 1 1 0 0 1 0 1 0 0 1 0 0 0 0 0 1 0 1 1 1 1 0 1 1 1 0 0 0 0 0 1 0 0 1 0 1 0 0 1 1 1 0 1 1 0 0 1 0 0 0 0 0 0 1 0 0 0 1 1 0 1 1 0 0 0 0 0 0 1 1 0 0 1 1 1 1 1 1 0 0
"331" 0 0 0 0 0 0 1 1 1 1 0 0 1 0 1 1 0 1 0 0 1 1 0 0 1 0 1 0 0 1 0 0 0 0 1 1 0 0 1 1 1 0 1 1 1 0 0 0 0 0 1 0 0 1 0 1 0 0 1 1 1 0 1 1 0 0 1 1 0 0 0 0 0 1 0 0 0 1 1 0 1 1 0 0 0 0 0 0 1 1 0 0 1 1 1 1 1 1 0 0
"332" 0 0 1 0 0 0 1 1 1 1 0 0 1 0 1 1 0 1 0 0 1 1 0 0 1 0 1 0 0 1 0 0 0 0 1 1 1 1 1 1 1 0 1 1 1 1 0 0 0 0 1 0 0 1 0 1 0 0 1 1 1 0 1 1 0 0 1 1 0 0 0 0 0 1 0 0 0 1 1 0 1 1 0 0 0 1 0 0 1 1 0 0 1 1 1 1 1 1 0 0
"333" 0 0 0 0 0 0 1 1 1 1 0 0 1 0 1 0 0 1 0 0 1 1 0 0 1 0 1 0 0 1 0 0 0 0 1 1 1 0 1 1 1 0 1 1 1 0 0 0 0 0 1 0 0 1 0 1 0 0 1 1 1 0 1 1 0 0 0 1 0 0 0 0 0 1 0 0 0 1 1 0 1 1 0 0 0 0 0 0 1 1 0 0 1 1 1 1 1 1 0 0
"334" 0 0 0 0 0 0 1 1 1 1 0 1 1 0 1 1 0 1 0 0 1 1 0 0 1 0 1 0 0 1 0 0 0 0 1 1 1 0 1 1 1 0 1 1 1 0 0 0 0 0 1 0 0 1 0 1 0 0 1 1 1 0 1 1 0 0 1 1 0 0 0 0 0 1 0 0 0 1 1 0 1 1 0 0 0 1 0 0 1 1 0 0 1 1 1 1 1 1 0 0
"335" 0 0 1 1 0 0 1 1 1 1 0 1 1 1 1 1 1 1 0 0 1 1 0 0 1 0 1 0 0 1 0 0 0 0 1 1 0 1 1 1 1 1 1 1 1 0 0 0 0 0 1 0 0 1 0 1 0 0 1 1 1 0 1 1 1 0 1 1 0 0 0 0 0 1 0 1 1 1 1 0 1 1 0 0 0 0 0 0 1 1 0 0 1 1 1 1 1 1 0 0
"336" 0 0 0 0 0 0 1 1 1 1 0 0 1 0 1 0 1 1 0 0 1 1 0 0 1 0 1 0 0 1 0 0 0 0 1 1 0 0 1 1 1 1 1 1 1 0 0 0 0 0 1 0 0 1 0 1 0 0 1 1 1 0 1 1 0 0 0 0 1 0 0 0 0 1 0 0 0 1 1 0 1 1 0 0 0 0 0 0 1 1 0 0 1 1 1 1 1 1 0 0
"337" 0 0 0 0 0 1 1 1 1 1 0 0 1 0 1 0 0 1 0 0 1 1 0 0 1 0 1 1 0 1 0 0 0 0 1 1 1 1 1 1 1 0 1 1 1 1 0 0 0 0 1 0 0 1 0 1 0 0 1 1 1 0 1 1 0 0 0 1 1 1 0 0 0 1 0 0 0 1 1 0 1 1 0 0 0 0 0 0 1 1 0 0 1 1 1 1 1 1 0 0
"338" 0 0 0 0 0 0 1 1 1 1 0 1 1 0 1 1 0 1 0 0 1 1 0 0 1 0 1 0 0 1 0 0 1 0 1 1 0 0 1 1 1 1 1 1 1 0 0 0 0 0 1 0 0 1 0 1 0 0 1 1 1 0 1 1 0 0 1 1 0 0 0 0 0 1 0 0 0 1 1 0 1 1 0 0 0 0 0 0 1 1 0 0 1 1 1 1 1 1 0 0
"339" 0 0 0 0 0 0 1 1 1 1 0 0 1 0 1 1 0 1 0 0 1 1 0 0 1 0 1 0 0 1 0 0 0 0 1 1 1 1 1 1 1 1 1 1 1 0 0 0 0 0 1 0 0 1 0 1 0 0 1 1 1 0 1 1 0 0 1 1 0 0 0 0 0 1 0 0 0 1 1 0 1 1 0 0 0 0 0 0 1 1 0 0 1 1 1 1 1 1 0 0
"340" 0 0 1 0 0 0 1 1 1 1 0 0 1 0 1 1 0 1 0 1 1 1 0 0 1 0 1 0 0 1 0 0 0 0 1 1 1 1 1 1 1 0 1 1 1 0 0 0 0 0 1 0 1 1 0 1 0 0 1 1 1 0 1 1 0 0 1 1 0 1 0 0 0 1 0 0 1 1 1 0 1 1 0 0 0 0 0 0 1 1 0 0 1 1 1 1 1 1 0 0
"341" 0 0 1 0 0 0 1 1 1 1 0 0 1 0 1 1 0 1 0 0 1 1 0 0 1 0 1 0 0 1 0 0 0 0 1 1 0 0 1 1 1 0 1 1 1 0 0 0 0 0 1 0 0 1 1 1 0 0 1 1 1 0 1 1 0 0 1 1 0 0 0 0 0 1 0 0 0 1 1 0 1 1 0 0 0 0 0 0 1 1 0 0 1 1 1 1 1 1 0 0
"342" 0 0 1 0 0 0 1 1 1 1 0 0 1 0 1 1 0 1 0 0 1 1 0 0 1 0 1 0 0 1 0 0 0 0 1 1 1 1 1 1 1 0 1 1 1 0 0 0 0 0 1 0 0 1 0 1 0 0 1 1 1 0 1 1 0 0 1 1 1 0 0 0 0 1 0 0 0 1 1 0 1 1 0 0 0 1 0 0 1 1 0 0 1 1 1 1 1 1 0 0
"343" 0 0 0 0 0 0 0 0 1 0 0 0 0 0 0 0 0 0 0 0 0 1 0 0 1 0 0 0 0 1 0 0 0 0 1 0 0 0 1 1 0 0 1 1 1 0 0 0 0 0 1 0 0 1 0 1 0 0 1 1 0 0 0 1 0 0 1 1 0 0 0 0 0 0 0 0 0 0 1 0 1 1 0 0 0 0 0 0 1 1 0 0 1 1 1 1 1 0 0 0
"344" 0 0 0 0 0 0 1 1 1 1 0 0 1 0 1 1 0 1 0 0 1 1 0 0 1 0 1 0 0 1 0 0 0 0 1 1 0 0 1 1 1 0 1 1 1 0 0 0 0 0 1 0 0 1 0 1 0 0 1 1 1 0 1 1 0 0 0 1 0 0 0 0 0 1 0 0 0 1 1 0 1 1 0 0 0 0 0 0 1 1 0 0 1 1 1 1 1 1 0 0
"345" 0 0 1 0 0 0 0 0 0 0 0 0 0 0 0 0 0 0 0 0 0 0 0 0 0 0 0 0 0 0 0 0 1 0 0 0 1 0 0 0 0 0 0 0 0 1 0 0 0 0 0 0 0 0 1 0 1 0 0 0 0 0 0 0 0 0 0 0 0 0 0 0 0 0 1 0 0 0 0 0 0 0 0 0 0 0 0 0 0 0 0 0 0 0 0 0 0 0 0 0
"346" 0 0 0 0 0 0 1 1 1 1 1 1 1 0 1 0 0 1 0 0 1 1 0 0 1 0 1 0 0 1 0 0 0 0 1 1 0 0 1 1 1 0 1 1 1 1 0 0 0 0 1 0 0 1 0 1 0 0 1 1 1 0 1 1 0 0 1 1 0 0 0 0 0 1 0 0 0 1 1 0 1 1 0 0 0 0 0 0 1 1 0 0 1 1 1 1 1 1 0 0
"347" 0 1 1 1 0 0 0 1 1 1 0 1 0 0 1 0 0 1 0 1 1 1 0 0 1 0 0 0 0 1 1 1 0 0 0 1 1 1 1 1 1 0 1 1 1 1 0 0 0 0 0 0 0 1 0 1 0 0 1 1 0 1 1 1 0 1 0 1 1 0 0 0 0 1 0 1 0 1 1 0 1 1 0 0 0 1 1 1 1 1 0 0 1 1 0 1 1 1 0 0
"348" 1 1 1 1 1 1 1 1 1 1 1 1 1 0 1 1 0 1 1 1 1 1 1 1 1 1 1 1 1 1 1 1 1 1 1 1 1 1 1 1 1 0 1 1 1 1 1 1 1 1 1 1 1 1 1 1 1 0 1 1 1 1 1 1 0 1 1 1 1 1 1 1 0 1 1 1 1 1 1 1 1 1 1 1 1 1 1 1 1 1 1 1 1 1 1 1 1 1 1 1
"349" 0 1 0 0 0 0 1 1 1 1 1 0 1 1 1 1 0 1 0 0 1 1 0 0 1 0 1 0 0 1 0 1 0 0 0 1 1 1 1 1 1 0 1 1 1 0 0 1 0 0 1 0 0 1 0 1 0 0 1 1 1 0 1 1 0 1 1 1 0 1 0 0 0 1 0 0 1 1 1 0 1 1 0 1 0 1 0 0 1 0 0 0 1 1 1 1 1 1 1 0
"350" 1 1 1 1 1 1 0 0 0 0 1 1 0 0 0 0 0 1 1 1 0 0 1 1 0 0 1 1 1 0 1 1 1 1 0 0 1 1 0 0 0 0 0 0 0 1 1 1 1 1 0 1 1 1 1 0 1 1 0 0 0 1 0 0 0 1 0 0 1 1 1 1 0 0 1 1 0 0 1 1 0 0 1 1 1 1 1 1 0 0 1 1 0 0 0 0 0 0 1 1
"351" 1 1 1 1 1 1 1 1 1 1 0 1 1 0 1 1 0 1 1 0 1 1 1 1 1 1 1 1 1 1 1 1 1 1 0 1 1 1 1 1 1 0 1 1 1 1 1 1 1 1 1 1 1 1 1 1 1 1 1 1 1 1 1 1 0 1 1 1 1 1 1 1 0 1 1 1 1 1 1 1 1 1 1 1 1 1 1 1 1 1 1 1 1 1 1 1 1 1 1 1
"352" 1 1 1 1 1 1 1 1 1 1 1 1 1 0 1 1 0 1 1 0 1 1 1 1 1 1 1 1 1 1 1 1 1 1 1 1 1 1 1 1 1 0 1 1 1 1 1 1 1 1 1 1 1 1 1 1 1 1 1 1 1 1 1 1 0 1 1 1 1 1 1 1 0 1 1 1 1 1 1 1 1 1 1 1 1 1 1 0 1 1 1 1 1 1 1 1 1 1 1 1
"353" 1 1 1 1 1 1 1 1 1 1 1 1 1 0 1 1 0 1 1 0 1 1 1 1 1 1 1 1 1 1 1 1 1 1 1 1 1 1 1 1 1 0 1 1 1 1 1 1 1 1 1 1 1 1 1 1 1 1 1 1 1 1 1 1 0 1 1 1 1 1 1 1 0 1 1 1 1 1 0 1 1 1 1 1 1 1 1 0 1 1 1 1 1 1 1 1 1 1 1 1
"354" 1 1 1 1 1 1 1 1 1 1 1 1 1 0 1 1 0 1 1 0 1 1 1 1 1 1 1 1 1 1 1 1 1 1 1 1 1 1 1 1 1 0 1 1 1 1 1 1 1 1 1 1 1 1 1 1 1 1 1 1 1 1 1 1 0 1 1 1 1 1 1 1 0 1 1 1 1 1 0 1 1 1 1 1 1 1 1 0 1 1 1 1 1 1 1 1 1 1 1 1
"355" 1 1 0 1 1 1 1 0 1 1 1 1 1 0 0 1 0 1 1 0 1 1 1 1 1 1 1 1 1 1 1 1 1 1 1 1 1 1 0 1 1 0 1 1 1 1 1 1 1 1 1 1 1 1 1 1 0 1 1 1 1 1 1 1 0 1 1 1 1 1 1 1 1 1 1 0 1 1 1 1 1 1 1 1 1 1 1 1 1 1 1 1 1 1 1 1 1 1 1 1
"356" 1 1 0 1 1 1 1 0 1 1 1 1 1 0 0 1 0 1 1 0 1 1 1 1 1 1 1 1 1 1 1 1 1 1 1 1 1 1 0 1 1 0 1 1 1 1 1 1 1 1 1 1 1 1 1 1 0 1 1 1 1 1 1 1 0 1 1 1 1 1 1 1 1 1 1 0 1 1 1 1 1 1 1 1 1 1 1 1 1 1 1 1 1 1 1 1 1 1 1 1
"357" 0 0 1 1 0 1 1 1 1 1 0 1 1 0 1 1 0 1 0 0 1 1 0 0 1 0 1 0 0 1 0 0 0 0 1 1 1 0 0 1 1 0 1 1 1 1 0 0 0 0 1 0 0 1 0 1 0 0 1 1 1 0 1 1 0 0 1 1 0 0 0 0 0 1 0 0 0 1 1 0 1 1 0 0 0 0 0 0 1 1 0 0 1 1 1 1 1 1 0 0
"358" 1 1 1 1 1 1 1 1 1 1 1 1 1 0 1 1 0 1 1 0 1 1 1 1 1 1 1 1 1 1 1 1 1 1 1 1 1 1 0 1 1 0 1 1 1 1 1 1 1 1 1 1 1 1 1 1 1 1 1 1 1 1 1 1 0 1 1 1 1 1 1 1 1 1 1 1 1 1 1 1 1 1 1 1 1 1 1 1 1 1 1 1 1 1 1 1 1 1 1 1
"359" 1 1 1 1 1 1 1 1 1 1 0 0 0 0 1 1 1 1 1 1 1 1 1 1 1 1 1 1 1 1 1 1 1 1 1 1 1 1 1 1 1 0 1 1 1 1 1 1 1 0 1 1 1 1 1 1 1 1 1 1 1 1 1 1 0 1 1 1 1 1 1 1 1 1 1 1 1 1 1 1 1 1 1 1 1 1 1 1 1 1 0 1 1 1 1 1 1 1 1 1
"360" 1 1 1 1 1 1 0 0 0 0 1 1 0 0 0 0 0 0 1 1 0 1 1 1 0 0 0 1 1 0 1 1 1 1 1 1 0 0 0 0 0 0 0 0 0 1 1 1 1 1 0 1 1 1 1 0 1 1 0 0 0 1 0 0 0 1 0 1 1 1 1 1 1 0 1 0 0 0 0 1 0 0 1 1 1 1 1 1 0 0 1 1 0 0 0 0 0 0 1 1
"361" 1 1 1 1 1 1 0 0 0 0 1 1 0 0 0 0 0 0 1 1 0 0 1 1 0 1 0 1 1 0 1 1 1 1 1 0 1 0 0 0 0 0 0 0 0 1 1 1 1 1 1 1 1 1 1 0 1 1 0 0 0 1 0 0 0 1 0 0 1 1 1 1 1 0 1 1 0 0 0 1 0 0 1 1 1 1 1 1 0 0 1 1 0 0 0 0 0 0 1 1
"362" 0 0 1 0 0 0 1 1 1 1 0 0 0 0 1 1 0 1 0 0 1 1 0 0 1 0 1 0 0 1 0 0 0 0 0 1 0 1 1 1 1 0 1 1 1 0 0 0 0 0 0 0 0 0 0 1 0 0 1 1 1 0 1 1 0 0 1 1 0 0 0 0 0 1 0 1 1 1 1 0 1 1 0 0 0 0 0 0 1 1 0 0 1 1 1 1 1 1 0 0
"363" 0 0 0 0 0 1 1 1 1 1 0 0 0 0 1 1 0 1 0 0 1 0 0 0 1 0 1 0 0 1 0 0 0 0 1 1 0 0 1 1 1 0 1 1 1 0 0 0 0 0 1 0 0 1 0 1 0 0 1 1 1 0 1 1 0 0 1 1 0 0 0 0 0 1 0 0 0 1 1 0 1 1 0 0 0 0 0 0 1 1 0 0 1 1 1 1 1 1 0 0
"364" 1 1 1 1 1 1 1 1 1 1 1 1 0 0 1 1 0 1 1 1 1 1 1 1 1 1 1 1 1 1 1 1 1 1 1 1 1 1 1 1 1 0 1 1 1 1 1 1 1 1 1 1 1 1 1 1 0 0 1 1 1 1 1 1 0 1 1 1 1 1 0 1 1 1 1 0 1 1 1 1 1 1 1 1 1 1 1 1 1 1 1 1 1 1 1 1 1 1 1 1
"365" 1 1 1 1 1 1 1 1 1 1 1 1 1 0 1 1 0 1 1 1 1 1 1 1 1 1 1 1 1 1 1 1 1 1 1 1 1 1 1 1 1 0 1 1 1 1 1 1 1 1 1 1 1 1 1 1 0 1 1 1 1 1 1 1 0 1 1 1 1 1 1 1 1 1 1 1 1 1 1 1 1 1 1 1 1 1 1 1 1 1 1 1 1 1 1 1 1 1 1 1
"366" 1 1 1 1 1 1 1 1 1 1 1 1 1 0 1 1 0 1 1 1 1 1 1 1 1 1 1 1 1 1 1 1 1 1 1 1 1 1 1 1 1 0 1 1 1 1 1 1 1 1 1 1 1 1 1 1 0 1 1 1 1 1 1 1 0 1 1 1 1 1 1 1 1 1 1 1 1 1 1 1 1 1 1 1 1 1 1 1 1 1 1 1 1 1 1 1 1 1 1 1
"367" 1 1 1 1 1 1 1 1 1 1 1 1 1 0 1 1 0 1 1 1 1 1 1 1 1 1 1 1 1 1 1 1 1 1 1 1 1 1 1 1 1 0 1 1 1 1 1 1 1 1 1 1 1 1 1 1 0 1 1 1 1 1 1 1 0 1 1 1 1 1 1 1 1 1 1 1 1 1 1 1 1 1 1 1 1 1 1 1 1 1 1 1 1 1 1 1 1 1 1 1
"368" 1 1 1 1 1 1 1 1 1 1 1 1 1 0 1 1 0 1 1 1 1 1 1 1 1 1 1 1 1 1 1 1 0 1 1 1 1 1 1 1 1 0 1 1 1 1 1 1 1 0 1 1 1 1 1 1 0 1 1 1 1 1 1 1 0 1 1 1 1 1 1 1 1 1 1 1 1 1 1 1 1 1 1 1 1 1 1 1 1 1 1 1 1 1 1 1 1 1 1 1
"369" 1 1 1 1 1 1 1 0 1 1 1 1 1 0 0 1 0 1 1 1 1 1 1 1 0 1 1 1 1 1 1 0 1 1 1 1 1 1 1 1 1 0 1 1 1 1 1 1 1 1 1 1 1 1 1 1 1 1 0 0 1 1 1 1 0 1 1 1 1 1 1 1 1 0 1 1 0 0 1 1 1 1 1 1 1 1 1 1 0 1 1 1 1 1 1 1 1 1 1 1
"370" 1 1 1 1 1 1 1 1 1 1 1 1 1 0 0 1 0 1 1 1 1 1 1 1 0 1 1 1 1 1 1 1 1 1 1 1 1 1 1 1 1 0 1 1 1 1 1 1 1 1 1 1 1 1 1 1 1 1 1 1 1 0 1 1 0 1 1 1 1 1 1 1 1 1 1 1 1 1 1 1 1 1 1 0 1 1 1 1 0 1 1 1 1 1 1 1 1 1 1 1
"371" 1 1 1 1 1 1 1 1 1 1 1 1 1 0 1 1 0 1 1 1 1 1 1 1 1 1 1 1 1 1 1 1 1 1 1 1 1 1 1 1 1 0 1 1 1 1 1 1 1 1 1 1 1 1 1 1 1 1 1 1 1 0 1 1 0 1 1 1 1 1 1 1 1 1 1 1 1 1 1 1 1 1 1 0 1 1 1 1 0 1 1 1 1 1 1 1 1 1 1 1
"372" 0 0 0 0 0 0 1 1 1 1 0 0 1 0 0 0 0 1 0 0 1 1 0 0 1 0 0 0 0 1 0 0 0 0 1 0 0 0 1 1 1 0 1 1 0 0 0 0 0 0 1 0 0 0 0 1 0 0 1 1 1 0 0 1 1 0 1 1 0 0 0 0 0 1 0 0 1 1 1 0 1 1 0 0 0 0 0 0 1 1 0 0 0 1 1 1 1 1 0 0
"373" 1 1 1 1 1 1 1 1 1 1 1 1 1 1 1 1 0 1 1 1 1 1 1 1 1 1 1 1 1 1 1 1 1 1 1 1 1 1 1 1 1 1 1 1 1 1 1 1 1 1 1 1 1 1 1 1 1 1 1 1 1 1 1 1 1 1 1 1 1 1 1 1 1 1 1 1 1 1 0 1 1 1 1 1 1 1 1 1 1 1 1 1 1 1 1 1 1 1 1 1
"374" 1 1 1 1 1 1 1 1 0 0 1 1 0 0 0 0 0 0 1 1 0 0 1 1 0 1 1 1 1 0 1 1 1 1 1 0 1 1 0 0 0 0 0 0 0 1 1 1 1 1 1 1 1 1 1 0 1 1 0 0 0 1 0 0 0 1 0 0 1 1 1 1 1 0 1 1 0 0 0 1 0 0 1 1 1 1 1 1 0 0 1 1 0 0 0 0 0 0 1 1
"375" 1 1 1 1 1 1 0 0 0 0 1 1 0 0 0 0 0 0 1 1 0 0 1 1 0 1 0 1 1 0 1 1 1 1 0 1 1 1 0 0 0 0 0 0 1 1 1 1 1 1 0 1 1 1 1 0 1 1 0 0 0 1 0 0 0 1 0 0 1 1 1 1 1 0 1 1 1 0 1 1 0 0 1 1 1 1 1 1 0 0 1 1 0 0 0 0 0 0 1 1
"376" 1 1 1 1 1 1 1 1 1 1 1 1 1 0 1 1 0 1 1 1 1 1 1 1 1 1 1 1 1 1 1 1 1 1 1 1 1 1 1 1 1 1 1 1 1 1 1 1 1 1 1 1 1 1 1 1 1 1 1 1 1 1 1 1 1 1 1 1 1 1 1 1 1 1 1 1 1 1 1 1 1 1 1 1 1 1 1 1 1 1 1 1 1 1 1 1 1 1 1 1
"377" 1 0 1 1 1 1 0 0 0 0 1 0 0 0 0 0 0 0 1 1 0 0 1 1 0 1 0 1 1 0 1 1 1 1 0 0 1 1 0 0 0 0 0 0 0 1 1 0 1 1 0 1 1 1 1 0 1 1 0 0 0 0 0 0 0 1 0 0 1 1 1 1 1 0 0 1 1 0 0 1 0 0 1 1 1 1 1 1 1 0 1 1 0 0 0 0 0 0 1 1
"378" 1 1 1 1 1 1 1 1 1 1 1 1 1 0 1 1 1 1 1 0 1 1 1 1 1 1 1 1 1 1 1 1 1 1 1 1 1 1 1 1 1 0 1 1 0 1 1 1 1 1 1 1 1 1 1 1 1 1 1 1 1 1 1 1 0 1 1 1 1 1 1 1 1 1 1 1 1 1 1 1 1 1 1 1 1 1 1 1 1 1 1 1 1 1 1 1 1 1 1 1
"379" 0 0 0 0 0 0 1 1 1 1 0 0 1 0 1 1 1 1 0 0 1 1 0 0 1 0 1 1 0 1 0 0 0 0 1 1 0 0 1 1 1 0 1 1 0 0 0 0 0 0 1 0 0 1 0 1 1 0 1 1 1 0 1 1 0 0 1 1 0 0 0 0 0 1 0 0 1 1 1 0 1 1 0 0 0 0 0 0 1 1 0 0 1 1 1 1 1 1 0 0
"380" 1 1 1 1 1 1 1 0 0 0 1 1 0 0 1 1 0 0 1 0 0 0 1 1 0 1 0 1 1 0 1 1 1 1 0 0 1 1 0 0 0 0 0 0 0 1 1 1 1 1 0 1 1 1 1 0 1 1 0 0 1 1 0 0 0 1 0 0 1 1 1 1 1 0 1 1 1 0 0 1 0 0 1 1 1 1 1 1 0 0 1 1 1 1 1 0 0 0 1 1
"381" 1 1 1 1 1 1 0 0 0 0 1 0 1 0 1 1 0 0 1 1 0 0 1 1 0 1 0 1 1 0 1 1 1 1 0 0 1 1 0 0 0 0 0 0 1 1 1 1 1 1 0 1 1 0 1 0 1 1 0 0 0 1 0 0 0 1 0 0 1 1 1 1 1 0 1 1 1 0 0 1 0 0 1 1 1 1 1 1 0 0 1 1 1 0 0 0 1 0 1 1
"382" 0 0 0 0 0 0 1 1 1 1 0 0 1 0 1 1 1 1 0 0 1 1 0 0 1 0 1 0 1 1 0 0 0 0 1 1 0 1 1 1 1 0 1 1 1 0 0 0 0 0 1 0 0 1 0 1 0 0 1 1 1 0 1 1 0 0 0 1 0 0 0 0 1 1 0 0 0 1 1 0 1 1 0 0 0 1 0 0 1 1 0 0 1 1 1 1 0 1 0 0
"383" 1 1 1 0 1 1 0 0 0 1 1 1 0 0 0 0 0 0 1 1 0 0 1 1 0 1 0 1 1 0 1 1 1 1 0 0 1 0 0 0 0 0 0 0 0 1 1 1 0 1 0 1 0 0 1 0 1 1 0 0 0 1 0 0 0 1 0 0 0 0 0 1 1 0 1 1 0 0 0 1 0 0 1 1 1 0 1 1 0 0 1 1 0 0 0 0 1 0 1 1
"384" 1 1 1 1 1 1 1 1 1 1 1 1 1 0 1 1 1 1 1 1 1 1 1 1 1 1 1 1 1 1 1 1 1 1 1 1 1 1 1 1 1 0 1 1 1 1 1 1 1 1 1 1 1 1 1 1 1 1 1 1 1 1 1 1 0 1 1 1 1 1 1 1 1 1 1 1 1 1 1 1 1 1 1 1 1 1 1 1 1 1 1 1 1 1 1 1 1 1 1 1
"385" 1 1 1 1 1 1 1 1 1 1 1 1 1 0 1 1 1 1 1 1 1 1 1 1 1 1 1 1 1 1 1 1 1 1 1 1 1 1 1 1 1 0 1 1 1 1 1 1 1 1 1 1 1 1 1 1 1 1 1 1 0 1 1 1 0 1 1 1 1 1 1 1 1 1 1 1 0 1 1 1 1 1 1 1 1 1 1 1 1 1 1 1 1 1 1 1 1 1 1 1
"386" 1 1 1 1 1 1 0 0 0 0 1 1 0 0 0 0 0 0 1 1 0 0 1 1 0 1 1 1 1 0 1 1 1 1 1 1 1 1 0 0 0 0 0 0 1 1 1 1 1 1 0 1 1 1 1 0 1 1 0 0 0 1 0 0 0 1 0 0 1 1 1 1 1 0 1 1 1 0 0 1 0 0 1 1 1 1 1 1 0 0 1 1 0 0 0 0 0 0 1 1
"387" 1 1 1 1 1 1 0 1 0 0 1 1 0 0 1 1 1 1 1 1 0 0 1 1 0 1 1 1 1 0 1 1 1 1 1 1 1 1 0 0 0 0 0 0 0 1 1 1 1 1 0 1 1 1 1 0 1 1 0 0 1 1 0 0 0 1 1 1 1 1 1 1 1 0 1 1 1 0 0 1 0 0 1 1 1 1 1 1 1 0 1 1 0 0 0 0 0 0 1 1
"388" 1 1 1 1 1 1 1 1 1 1 1 1 1 0 1 1 1 1 1 1 1 1 0 1 1 1 1 1 1 1 1 1 1 1 1 1 1 1 1 1 1 1 1 1 1 1 1 1 1 1 1 1 1 1 1 1 1 1 1 1 1 1 1 1 1 1 1 1 1 1 1 1 1 1 1 1 1 1 1 1 1 1 1 1 1 1 1 1 0 1 1 1 1 1 1 1 1 1 1 1
"389" 1 1 1 1 1 1 1 1 1 1 1 1 1 0 1 1 1 1 1 1 1 1 1 1 1 1 1 1 1 1 1 1 1 1 1 1 1 1 1 1 1 1 1 1 1 1 1 1 1 1 1 1 1 1 1 1 1 1 1 1 1 1 1 1 1 1 1 1 1 1 1 1 1 1 1 1 1 1 1 1 1 1 1 1 1 1 1 1 1 1 1 1 1 1 0 1 1 1 1 1
"390" 0 0 1 0 0 0 1 1 1 1 0 1 1 0 0 1 1 1 1 0 1 0 0 0 1 0 1 0 0 1 1 0 0 0 1 1 1 1 1 1 1 1 1 1 1 0 0 0 0 0 1 0 0 1 1 1 0 0 1 1 1 0 1 1 1 0 1 1 0 0 0 0 0 1 0 0 0 1 1 1 1 1 0 0 0 0 0 0 1 1 0 0 0 1 0 1 1 1 0 0
"391" 1 1 1 1 0 1 1 1 1 1 1 1 1 0 1 1 1 1 1 1 1 1 1 1 1 1 1 1 1 1 1 1 1 1 1 1 1 1 1 1 1 1 1 1 1 1 1 1 1 1 1 1 1 1 1 1 1 1 1 1 1 1 1 1 1 1 1 1 1 1 0 0 1 1 1 1 1 1 1 1 1 1 1 1 1 1 1 1 1 1 1 1 1 1 1 1 1 1 1 1
"392" 1 1 1 1 1 1 0 0 0 0 1 1 0 0 0 0 0 0 1 1 0 0 1 1 0 1 0 1 1 0 1 1 1 1 1 1 1 1 0 0 0 0 0 0 0 1 1 1 1 1 0 1 1 0 1 0 1 1 0 0 1 1 0 0 0 1 0 0 1 1 1 1 1 0 1 1 1 0 0 1 0 0 1 1 1 1 1 1 0 0 1 1 0 0 0 0 0 0 1 1
"393" 1 1 1 1 1 1 0 0 0 0 1 0 0 0 0 0 0 0 1 1 0 0 1 1 0 1 0 1 1 0 1 1 1 1 0 0 1 1 0 0 0 0 0 0 0 1 1 1 1 1 0 1 1 1 1 0 1 1 0 0 1 1 0 0 0 1 0 0 1 1 1 1 1 0 1 1 1 0 0 1 0 0 1 1 0 1 1 1 0 0 0 1 0 0 0 0 1 0 1 1
"394" 1 1 1 1 1 1 1 1 1 1 1 1 1 0 1 1 1 1 1 1 1 1 1 1 1 1 1 1 1 1 1 1 1 1 1 1 1 1 1 1 1 1 1 1 1 1 1 1 1 1 1 1 1 1 1 1 1 1 1 1 1 1 1 1 1 1 1 1 1 1 1 1 1 1 1 1 1 1 1 1 1 1 1 1 1 1 1 1 1 1 1 1 1 1 1 1 1 1 1 1
"395" 1 1 1 1 1 1 0 0 0 0 1 1 0 0 1 1 0 0 1 1 0 0 1 1 0 1 0 1 1 0 1 1 1 1 1 0 1 1 0 0 0 0 0 0 0 1 1 1 1 1 0 1 1 1 1 0 1 1 0 0 0 1 0 0 0 1 0 0 1 1 1 1 1 0 1 1 1 0 0 1 0 0 1 1 1 1 1 1 0 0 1 1 0 0 0 0 0 0 1 1
"396" 1 1 1 1 1 1 1 1 0 1 1 1 0 0 1 0 1 0 1 1 0 1 1 1 0 1 1 1 1 0 1 1 1 1 1 0 1 1 1 0 0 0 0 0 0 1 1 1 1 1 1 1 1 1 1 0 1 1 0 0 0 1 0 0 0 1 0 0 1 1 1 1 1 1 1 1 1 0 0 1 0 0 1 1 1 1 1 1 0 0 1 1 0 0 1 1 0 1 1 1
"397" 1 1 1 1 1 1 0 0 0 0 1 1 0 0 0 0 0 0 1 1 0 0 1 1 0 1 0 1 1 0 1 1 1 1 0 0 1 1 0 0 0 0 0 0 1 1 1 0 1 1 0 1 1 0 1 0 1 1 0 0 0 0 0 0 0 1 0 0 1 1 1 1 1 0 1 1 1 0 0 1 0 0 1 1 1 1 1 1 0 0 1 1 0 0 0 0 0 0 1 1
"398" 1 1 1 1 1 1 0 1 0 1 1 1 1 0 1 1 0 0 1 1 0 0 1 1 1 1 1 1 1 0 1 1 1 1 1 1 1 1 1 0 0 1 1 1 0 1 1 1 1 1 1 1 1 1 1 1 1 1 1 1 1 0 1 1 1 1 1 1 1 1 1 1 1 1 1 1 1 1 0 1 1 1 1 0 1 1 1 1 0 1 1 1 0 1 0 0 1 1 1 1
"399" 1 1 1 1 1 1 0 0 0 0 1 1 0 0 0 0 0 0 1 1 0 0 1 1 0 1 0 1 1 0 1 1 1 1 0 0 1 1 0 0 0 0 0 0 0 1 1 0 1 1 0 1 1 0 1 0 1 1 0 0 0 0 0 0 0 1 0 0 1 1 1 1 1 0 1 1 1 0 0 1 0 0 1 0 1 1 1 1 0 0 1 1 0 0 0 0 0 0 1 1
"400" 1 1 1 1 1 1 0 0 1 0 1 1 0 1 0 0 0 0 1 1 0 1 0 1 0 1 0 1 1 0 0 1 1 1 1 1 1 1 0 0 0 0 0 0 1 1 1 1 1 1 1 1 1 0 1 0 1 0 0 0 1 1 0 0 0 1 0 0 1 1 1 1 1 0 1 1 0 0 1 1 0 0 1 0 1 0 1 1 0 0 1 1 0 0 0 0 0 0 1 1
"401" 1 1 1 1 1 1 1 1 0 1 1 1 1 1 1 1 0 1 1 1 1 1 1 1 1 1 1 1 1 0 1 1 1 1 1 1 1 1 1 0 0 0 1 1 1 1 1 1 1 1 1 1 1 1 1 1 1 1 1 0 1 1 1 1 0 1 1 1 1 1 1 1 1 1 1 1 1 1 0 1 1 1 1 0 1 1 1 1 0 0 1 1 1 1 0 1 1 1 1 1
"402" 1 1 0 1 1 1 1 1 1 1 1 1 1 0 0 1 1 1 1 1 1 1 1 1 1 1 1 0 1 1 1 1 1 1 1 0 1 1 0 1 1 0 1 1 1 1 0 1 0 1 1 1 0 1 1 1 1 1 1 0 1 1 1 0 0 1 1 1 1 1 1 1 1 0 1 1 1 1 1 1 1 1 0 1 0 0 1 1 1 1 1 0 1 1 1 1 1 1 1 1
"403" 1 1 1 1 1 1 1 1 0 0 1 1 0 0 1 1 0 0 1 1 0 0 1 1 0 1 1 1 1 0 1 1 1 1 1 1 0 0 0 0 0 0 0 0 0 1 1 1 1 1 0 1 1 1 1 1 1 1 0 0 0 1 0 0 0 1 1 1 1 1 1 1 1 0 1 1 0 0 1 1 1 1 1 1 1 0 1 1 0 1 1 1 0 0 1 0 0 0 1 1
"404" 1 0 1 1 1 1 0 1 0 1 1 1 0 1 0 1 0 0 1 1 0 0 1 1 0 1 1 1 1 0 1 1 1 1 0 0 1 1 0 0 0 0 0 0 0 1 1 1 1 1 0 1 1 1 1 0 1 1 0 0 0 1 0 0 0 1 0 0 1 1 1 1 1 0 1 1 1 0 0 1 0 0 1 1 1 1 1 1 1 0 1 1 0 0 0 0 0 1 1 1
"405" 1 1 1 1 1 1 1 1 1 1 1 1 1 1 1 1 1 1 1 1 1 0 1 1 1 1 1 1 1 1 1 1 1 1 1 1 1 1 1 1 1 0 1 1 1 1 1 1 1 1 1 1 1 1 1 1 1 1 1 1 1 1 1 1 0 1 1 1 1 1 1 1 1 1 1 1 1 1 1 1 1 1 1 1 1 1 1 1 1 1 1 1 1 1 1 1 1 1 1 1
"406" 1 1 1 1 1 1 0 0 0 0 0 0 0 1 0 0 1 1 1 0 0 0 0 0 0 1 0 1 1 0 0 0 1 1 0 0 0 1 0 0 0 0 0 0 0 1 1 1 0 0 0 0 0 0 1 1 1 0 1 1 0 1 0 0 0 1 0 0 0 0 0 1 1 0 1 0 0 0 0 1 0 0 1 1 1 0 0 1 0 0 1 0 0 0 0 0 0 0 0 1
"407" 0 1 0 1 1 0 1 0 0 1 0 0 1 1 1 1 1 0 0 0 1 1 1 1 1 0 0 1 0 1 0 1 0 1 1 1 0 0 1 1 1 0 0 1 0 1 1 1 0 1 0 1 1 1 0 1 1 1 1 1 1 0 0 0 0 0 1 1 0 1 1 1 1 0 1 0 1 1 1 0 1 0 1 1 1 0 1 1 1 0 1 1 1 0 1 0 0 1 0 0
"408" 1 1 1 1 1 1 1 1 0 1 1 1 1 1 1 1 1 1 1 1 1 1 1 1 1 1 1 1 1 1 1 1 1 1 1 1 1 1 1 1 1 0 1 1 1 1 1 1 1 1 1 1 1 1 0 1 1 1 1 1 1 1 1 1 0 1 1 1 1 1 1 1 1 1 1 1 1 1 1 1 1 1 1 1 1 1 1 1 1 1 1 1 1 1 0 1 1 1 1 1
"409" 0 0 0 0 0 0 1 1 0 1 0 1 1 1 1 1 1 1 0 0 1 1 0 0 1 0 1 0 0 1 0 0 0 0 1 1 0 1 1 1 1 0 1 1 1 0 0 0 0 0 1 0 0 1 0 0 0 0 1 1 1 0 1 1 0 0 1 1 0 0 0 0 0 1 0 1 0 1 1 0 1 1 0 0 0 0 0 0 1 1 0 0 1 1 1 1 1 1 0 0
"410" 0 0 0 0 0 0 1 1 0 1 0 0 1 1 1 1 1 1 0 1 1 1 0 0 1 0 1 1 1 1 0 1 1 1 1 1 1 0 1 1 1 0 1 1 1 1 0 0 1 1 1 1 0 1 0 0 0 0 1 1 1 0 1 1 0 1 1 1 1 0 0 0 1 1 0 0 1 1 0 1 1 1 0 0 1 0 1 1 1 1 1 0 1 1 1 1 1 1 0 0
"411" 1 1 1 1 1 0 1 0 0 1 0 1 1 1 1 1 1 1 1 1 1 1 1 1 1 1 1 1 1 1 1 1 1 1 1 1 1 1 1 1 1 0 1 1 1 1 1 1 1 1 1 1 1 1 0 1 1 1 1 1 1 1 1 1 0 1 1 1 1 1 1 0 1 1 1 1 1 1 0 1 1 1 1 1 1 1 1 1 1 1 1 1 1 1 1 1 1 1 1 1
"412" 1 1 1 1 1 1 1 1 1 1 1 1 1 0 0 1 1 1 1 1 1 0 1 1 1 1 1 1 1 1 1 1 0 1 1 1 1 1 0 1 1 0 1 1 1 1 1 1 1 1 1 1 1 1 1 1 1 1 0 0 1 1 1 1 0 1 1 1 1 1 1 1 1 1 0 0 1 1 1 1 1 1 1 1 1 1 1 1 1 1 0 1 1 1 1 1 1 0 1 0
"413" 1 1 1 1 1 1 1 1 0 1 1 1 1 0 1 1 1 1 1 1 1 1 1 1 0 1 1 1 1 1 1 1 1 1 1 1 1 1 1 1 1 0 1 1 0 1 1 1 1 1 1 1 1 1 1 1 1 1 0 0 0 1 1 0 0 1 1 1 1 1 1 1 1 1 1 1 1 0 1 1 1 1 1 1 1 1 1 1 1 1 1 1 1 1 1 0 1 1 1 1
"414" 0 0 1 0 1 1 0 0 0 0 0 1 0 0 1 1 0 0 0 0 0 0 1 1 0 1 1 1 1 0 1 0 1 0 0 0 1 1 0 0 0 0 0 0 0 1 0 1 1 1 0 1 1 0 0 0 0 1 0 0 0 1 0 0 0 1 0 0 1 1 1 0 1 0 0 0 1 0 0 0 0 0 0 1 1 1 0 1 1 0 1 1 0 0 0 0 1 0 1 1
"415" 0 0 0 0 0 0 1 1 1 1 0 0 1 0 1 1 1 1 0 0 1 1 0 0 1 0 1 0 0 1 0 0 0 0 1 1 0 0 1 1 1 0 1 1 1 0 0 0 0 0 1 0 0 0 0 1 0 0 1 1 1 0 1 1 0 0 1 1 0 0 0 0 0 1 0 0 0 1 1 0 1 1 0 0 0 0 0 0 1 1 0 0 1 1 1 1 1 1 0 0
"416" 0 0 0 0 0 1 1 1 1 0 0 0 1 0 1 1 1 1 0 0 1 0 0 0 1 0 0 0 0 1 0 0 0 0 1 1 0 0 1 1 1 0 1 1 1 0 0 0 0 0 1 0 0 1 0 1 0 0 1 1 1 0 1 1 0 0 1 1 0 0 0 0 0 1 0 1 0 1 1 0 1 1 0 0 0 0 0 0 1 1 0 0 1 1 1 0 1 1 0 0
"417" 1 1 1 1 1 1 1 1 1 1 1 1 1 1 1 1 1 1 1 1 1 1 1 1 1 1 1 1 1 1 1 1 1 1 1 1 1 1 1 1 1 0 1 1 1 1 1 1 1 1 1 1 1 1 1 1 1 1 1 1 1 1 1 1 0 1 1 1 1 1 1 1 1 1 1 1 1 0 1 1 1 1 1 1 1 1 1 1 1 1 1 1 1 1 1 1 1 1 1 1
"418" 1 1 1 1 1 1 1 1 1 1 0 1 1 1 1 1 1 1 1 1 1 1 1 1 1 1 1 1 1 1 1 1 1 1 1 1 1 1 1 1 0 0 1 1 1 1 1 1 1 1 1 0 1 1 1 1 1 1 1 1 1 1 1 1 0 1 1 1 1 1 1 1 1 1 1 1 1 1 1 1 1 1 1 1 1 1 1 1 1 1 1 1 1 1 1 1 1 1 0 1
"419" 1 1 1 1 0 1 1 1 1 1 0 1 1 1 1 1 1 1 1 1 1 1 0 0 1 1 1 1 1 1 0 0 0 1 1 1 1 1 1 1 0 0 1 1 1 1 1 1 1 1 1 0 0 1 1 1 0 0 1 1 1 0 1 1 0 1 1 1 1 1 0 0 1 1 1 1 1 1 1 0 1 1 0 1 0 1 1 1 1 1 1 1 1 1 1 1 1 1 0 0
"420" 1 1 1 1 1 1 0 0 0 0 1 1 0 0 0 0 0 0 1 1 0 0 1 1 0 1 0 1 1 0 1 1 1 1 1 0 1 1 0 0 0 0 0 0 0 1 1 1 1 1 0 1 1 0 1 0 1 1 0 0 0 1 0 0 0 1 0 0 1 1 1 1 1 0 1 1 1 0 0 1 0 0 1 1 1 1 1 1 1 0 1 1 0 0 0 0 0 0 1 1
"421" 0 0 0 0 0 1 0 0 1 1 0 0 1 1 1 1 1 1 0 0 1 1 0 0 1 0 1 1 0 1 0 0 0 0 0 0 1 1 1 1 1 1 1 0 1 0 0 0 0 0 0 0 0 0 0 1 1 0 1 1 1 0 1 1 0 0 0 0 0 0 0 0 0 1 0 0 1 1 1 0 1 1 0 0 0 0 0 0 1 1 0 0 1 1 0 1 1 1 0 0
"422" 0 0 0 0 0 0 0 0 1 1 0 0 1 0 1 0 1 1 0 0 1 1 0 0 1 0 1 0 0 1 0 0 0 0 0 1 0 0 1 1 1 0 1 1 1 0 0 0 0 0 1 0 0 0 0 1 0 0 1 1 1 0 1 1 0 0 0 0 0 0 0 0 0 1 0 0 0 1 1 0 1 1 0 0 0 0 0 0 1 1 0 0 1 1 0 1 0 1 0 0
"423" 1 1 1 1 1 1 1 1 0 1 1 1 0 0 0 0 0 0 1 1 0 0 1 1 0 1 0 1 1 0 1 1 1 1 1 1 1 1 0 0 0 0 0 0 0 1 1 1 1 1 1 1 1 0 1 0 1 1 0 0 0 0 0 0 0 1 0 0 1 1 1 1 1 1 1 1 1 0 0 1 0 0 1 1 1 1 1 1 0 0 1 1 0 0 0 0 0 0 1 1
"424" 1 1 1 1 1 1 1 1 0 1 1 1 0 0 0 0 0 0 1 1 0 0 1 1 0 1 0 1 1 0 1 1 1 1 1 1 1 1 0 0 0 0 0 0 1 1 1 1 1 1 1 1 1 0 1 0 1 1 0 0 0 1 0 0 0 1 0 0 1 1 1 1 1 1 1 1 1 0 0 1 1 1 1 1 1 1 1 1 0 0 1 1 0 0 0 0 0 0 1 1
"425" 1 1 1 1 1 1 1 1 0 1 1 1 0 0 0 0 0 0 1 1 0 0 1 1 0 1 0 1 1 0 1 1 1 1 0 1 1 1 0 0 0 0 0 0 1 1 1 1 1 1 1 1 1 0 1 0 0 1 0 0 0 1 0 0 0 1 0 0 1 1 1 1 1 1 1 1 1 0 0 1 1 1 1 1 1 1 1 1 0 0 1 1 0 0 0 1 0 0 1 1
"426" 1 1 1 1 1 1 1 1 0 1 1 1 0 0 0 0 0 1 1 1 0 0 1 1 0 1 0 1 1 0 1 1 1 1 1 1 1 1 0 0 0 0 0 0 0 1 1 1 1 1 1 1 0 0 1 0 1 1 0 0 0 1 0 0 0 1 0 0 1 1 1 1 1 1 1 1 1 0 0 1 1 1 1 1 1 1 1 1 0 0 1 1 0 0 0 0 0 1 1 1
"427" 1 1 1 1 1 1 1 1 0 1 1 1 0 0 0 0 0 0 1 1 0 0 1 1 0 1 0 1 1 0 1 1 1 1 1 1 1 1 0 0 0 0 0 0 1 1 1 1 1 0 1 1 1 0 1 0 0 1 0 0 0 1 0 0 0 1 0 0 0 1 1 1 1 1 1 0 1 0 0 1 1 1 1 1 1 1 1 1 0 0 1 0 0 0 0 0 0 0 1 1
"428" 1 0 1 1 1 1 1 1 0 1 1 1 0 0 0 0 0 0 1 1 0 0 1 1 0 1 0 1 1 0 1 1 1 1 1 1 1 1 0 0 0 0 0 0 1 1 1 1 1 1 1 1 1 0 1 0 1 1 0 0 0 1 0 0 0 1 0 0 1 1 1 1 1 1 1 1 1 0 0 1 1 1 1 1 1 1 1 1 0 0 1 1 0 0 0 0 0 0 1 1
"429" 1 0 1 1 1 1 1 1 1 1 1 1 0 0 0 0 1 1 1 1 1 1 1 1 0 1 0 1 1 0 1 1 1 1 1 1 1 1 1 1 0 0 1 1 1 1 1 1 1 1 1 1 1 0 1 1 1 1 1 1 1 1 0 0 0 1 1 1 1 1 1 1 1 1 1 1 1 0 0 1 1 1 1 1 1 1 1 1 0 0 1 1 0 1 1 0 1 1 1 1
"430" 1 0 1 1 1 1 1 1 1 1 1 1 1 0 1 0 1 1 1 1 1 1 1 1 1 1 1 1 1 1 1 1 1 1 1 1 1 1 1 1 1 0 1 1 1 1 1 0 1 1 1 1 1 0 1 1 1 1 1 1 1 0 1 1 0 1 1 1 1 1 1 1 1 1 1 1 1 1 0 1 1 1 1 1 1 0 1 1 0 1 1 1 1 1 1 1 1 1 1 1
"431" 0 0 0 0 0 0 1 1 1 1 0 0 1 0 1 0 1 1 0 0 1 1 0 0 1 0 1 0 0 1 0 0 0 0 1 1 1 1 1 1 1 0 1 1 1 0 0 0 0 0 1 0 0 0 0 1 0 0 1 1 1 0 1 1 0 0 1 1 0 0 0 0 0 1 0 0 1 1 0 0 1 1 0 0 0 0 0 0 1 1 0 0 1 1 1 1 1 1 0 0
"432" 0 0 0 0 0 0 1 1 1 1 0 0 1 0 1 0 1 1 0 0 1 1 0 0 1 0 1 0 0 1 0 0 0 0 1 1 1 0 1 1 1 0 1 1 1 0 0 0 0 0 1 0 0 0 0 1 0 0 1 1 1 0 1 1 0 0 0 1 0 0 0 0 0 1 0 0 0 1 0 0 1 1 0 0 0 0 0 0 1 1 0 0 1 1 1 1 1 1 0 0
"433" 0 0 0 0 0 0 1 1 1 1 0 0 1 0 0 0 1 1 0 0 1 1 0 0 1 0 1 0 0 1 0 0 0 0 1 1 0 0 1 1 1 0 1 1 1 0 0 0 0 0 1 0 0 0 0 1 0 0 1 1 1 0 1 1 0 0 1 1 0 0 0 0 0 1 0 0 0 1 0 0 1 1 0 0 0 0 0 0 1 1 0 0 1 1 1 1 1 1 0 0
"434" 1 1 0 1 1 1 1 1 1 1 1 1 1 0 0 1 0 1 1 0 1 1 1 1 1 1 0 1 1 1 1 1 1 1 1 1 1 1 1 0 1 0 1 1 1 1 1 1 1 1 1 1 1 1 1 1 1 1 0 1 1 1 1 1 0 1 1 1 1 1 1 1 1 1 1 1 1 1 1 1 0 1 1 1 1 1 1 0 1 1 1 1 1 1 1 1 1 1 1 0
"435" 1 1 1 1 1 1 1 1 0 0 1 1 1 0 1 1 0 0 1 1 1 1 1 1 0 1 1 1 1 0 1 1 0 0 1 1 1 1 0 1 0 0 1 0 0 1 1 1 1 1 1 1 1 1 1 1 1 1 0 0 1 1 0 1 0 1 1 1 1 1 1 1 1 0 1 1 1 0 0 1 1 1 1 1 1 1 1 1 0 0 1 1 0 0 0 0 0 0 1 0
"436" 1 1 1 1 1 0 1 1 0 0 1 1 0 0 0 1 0 0 1 1 0 1 1 1 0 1 0 1 1 0 1 1 0 0 1 1 1 1 0 1 0 0 0 0 0 1 1 1 1 1 1 1 1 1 1 0 1 1 0 0 0 1 0 0 0 1 0 0 1 1 1 1 1 0 1 1 1 0 1 1 1 1 1 1 1 1 1 1 0 0 1 1 0 0 0 1 0 0 1 0
"437" 0 0 0 0 0 1 0 0 1 1 0 0 1 0 1 0 1 1 0 0 1 1 0 0 1 1 0 1 0 1 0 0 0 0 0 0 0 0 1 1 1 0 1 1 1 0 0 0 0 0 1 0 0 0 0 1 0 0 1 1 1 0 1 1 0 0 1 1 0 0 0 0 0 1 0 0 0 1 1 0 1 1 0 0 0 0 0 0 1 1 0 0 1 1 1 1 1 1 0 0
"438" 1 1 1 1 1 1 1 1 0 0 1 1 1 0 1 1 1 1 1 1 1 1 1 1 1 1 1 1 1 1 1 1 1 1 1 1 1 1 1 1 1 0 1 1 1 1 1 1 1 1 1 1 1 1 1 1 1 1 1 1 1 1 1 1 0 1 1 1 1 1 1 1 1 1 1 1 1 1 1 1 1 1 1 1 1 1 1 1 1 1 1 1 1 1 1 1 1 1 1 1
"439" 1 1 1 1 1 1 1 1 1 1 1 1 1 0 1 1 1 1 1 1 1 1 1 1 1 1 1 1 1 1 1 1 1 1 1 1 1 1 1 1 1 0 1 1 1 1 1 1 1 1 1 1 1 1 1 1 1 1 1 1 1 1 1 1 0 1 1 1 1 1 1 1 1 1 1 1 1 1 1 1 1 1 1 1 1 1 1 1 1 1 1 1 1 1 1 1 1 1 1 1
"440" 0 0 0 0 0 1 1 1 1 1 0 0 1 0 1 1 1 1 0 0 1 1 0 0 1 1 1 0 0 1 0 0 0 0 1 1 1 1 1 1 1 0 1 1 1 0 0 0 0 0 1 0 0 1 1 1 1 1 1 1 1 0 1 1 0 0 1 1 0 1 0 0 1 1 1 1 1 1 1 0 1 1 0 0 0 0 0 0 1 1 0 0 1 1 1 1 1 1 0 0
"441" 0 0 0 0 0 0 1 1 1 1 0 0 1 0 0 0 1 1 0 0 1 1 0 0 1 0 1 0 0 1 0 0 0 0 1 1 0 0 1 1 1 0 1 1 1 1 0 0 1 1 1 0 0 1 0 1 0 0 0 0 1 0 1 1 0 0 1 1 0 0 0 0 0 1 0 0 0 1 0 0 1 1 0 0 0 0 0 0 1 0 0 0 1 1 1 1 0 0 0 0
"442" 1 1 1 1 1 1 0 0 0 0 1 0 0 0 0 0 0 0 1 1 0 0 1 1 0 1 0 1 1 0 1 1 1 1 0 0 1 1 0 0 0 0 0 0 0 1 1 1 1 1 0 1 1 1 1 0 1 0 0 0 0 1 0 0 0 1 0 0 1 1 1 1 1 0 1 1 1 0 0 1 0 0 1 1 1 1 1 1 0 0 1 1 0 0 0 0 0 0 1 1
"443" 0 0 0 0 0 0 0 0 0 0 0 0 1 0 1 1 1 1 0 0 1 0 0 0 0 1 0 0 0 0 0 0 0 0 1 1 1 1 1 1 1 0 1 1 0 0 0 0 0 0 0 0 0 0 0 1 1 0 1 1 1 0 1 1 0 1 0 0 1 1 0 0 0 1 0 1 1 1 1 0 0 0 0 0 0 0 0 0 1 1 0 0 1 1 1 1 0 0 1 0
"444" 0 0 0 1 1 1 1 1 0 0 1 0 0 0 0 0 0 1 1 0 0 0 1 1 1 1 1 1 0 0 1 1 1 1 0 0 0 0 0 0 0 0 0 0 0 1 1 0 1 1 0 0 0 0 0 0 0 0 1 1 0 0 0 0 0 1 0 0 0 1 1 1 0 0 1 0 1 0 0 0 0 0 1 0 1 1 1 1 0 0 1 0 0 0 0 0 0 0 0 0
"445" 1 1 1 1 1 1 1 1 1 1 1 0 1 0 1 1 1 1 1 0 1 1 1 1 1 1 1 1 1 1 1 1 1 1 1 1 1 1 1 1 1 0 1 1 1 1 1 1 1 1 1 1 1 1 0 1 1 0 1 1 1 1 1 1 0 1 1 1 1 1 1 1 1 1 1 1 1 1 1 1 1 1 1 1 1 1 1 1 1 1 1 1 1 1 1 1 1 1 1 1
"446" 1 1 1 1 1 1 1 1 1 1 1 0 1 0 1 1 0 1 1 1 1 0 1 1 1 1 1 1 1 1 1 1 1 1 1 1 1 1 1 1 1 0 1 1 1 1 1 1 1 1 1 1 0 0 1 1 1 1 1 1 1 1 1 1 1 1 1 1 1 1 1 1 1 1 1 1 0 1 1 1 1 1 1 1 1 1 1 1 0 1 1 1 1 1 0 1 1 1 0 1
"447" 1 1 1 1 0 1 1 1 0 1 1 0 1 0 1 1 0 1 1 0 1 0 1 1 1 1 0 1 1 1 1 1 1 1 1 1 1 1 1 1 1 0 1 1 1 1 1 1 1 1 1 1 0 0 1 1 1 1 1 1 1 1 1 1 0 1 1 1 1 1 1 1 1 1 1 1 1 1 1 1 1 1 1 1 1 1 1 1 1 1 1 1 1 1 0 1 1 1 1 1
"448" 1 1 1 1 1 1 1 1 1 1 1 1 1 1 1 1 1 1 1 1 0 1 1 1 1 1 1 1 1 1 1 1 1 1 1 1 1 1 1 1 1 0 1 1 1 1 1 1 1 1 1 1 1 1 1 1 1 1 1 1 1 1 1 1 0 1 1 1 1 1 1 1 1 1 1 1 1 1 1 1 1 1 1 1 1 1 1 1 0 1 1 1 1 1 0 1 1 1 1 1
"449" 1 1 1 1 1 1 1 1 1 1 1 1 1 1 1 1 1 1 1 1 1 1 1 1 1 1 1 1 1 1 1 1 1 1 1 1 1 1 1 1 1 0 1 1 1 1 1 1 1 1 1 1 1 1 1 1 1 1 1 1 1 1 1 1 0 1 1 1 1 1 1 1 1 1 1 1 1 1 1 1 1 1 1 1 1 1 1 1 1 1 1 1 1 1 1 1 1 1 1 1
"450" 0 0 0 0 0 0 1 1 1 1 0 1 1 1 1 1 1 1 0 0 1 1 0 0 1 0 1 0 0 1 0 0 0 0 1 1 0 0 1 1 1 0 1 1 1 0 0 0 0 0 1 0 0 1 1 1 0 0 1 1 0 0 0 1 0 0 0 1 0 0 0 0 1 1 0 0 0 1 1 0 0 1 0 0 0 0 0 0 1 1 0 0 1 1 1 1 0 1 0 0
"451" 1 1 1 1 1 1 0 0 0 0 1 1 0 0 0 0 0 0 1 1 0 0 1 1 0 1 0 1 1 0 1 1 1 1 0 0 1 1 0 0 0 0 0 0 0 1 1 1 1 1 0 1 1 1 1 0 1 1 0 0 0 1 0 0 0 1 0 0 1 1 1 1 1 0 1 1 1 0 0 1 0 0 1 1 1 1 1 1 0 0 1 1 0 0 0 0 0 0 1 1
"452" 1 1 1 1 1 1 0 0 0 0 1 1 0 0 0 0 0 0 1 1 0 0 1 1 0 1 0 1 1 0 1 1 1 1 0 0 1 1 0 0 0 0 0 0 0 1 1 1 1 1 0 1 1 1 1 0 1 1 0 0 0 1 0 0 0 1 0 0 1 1 1 1 1 0 1 1 1 0 0 1 0 0 1 1 1 1 1 1 0 0 1 1 0 0 0 0 0 0 1 1
"453" 1 1 1 1 1 1 0 0 0 0 1 1 0 0 0 0 0 0 1 1 0 0 1 1 0 1 0 1 1 0 1 1 1 1 0 0 1 1 0 0 0 0 0 0 0 1 1 1 1 1 0 1 1 1 1 0 1 1 0 0 0 1 0 0 0 1 0 0 1 1 1 1 1 0 1 1 1 0 0 1 0 0 1 1 1 1 1 1 0 0 1 1 0 0 0 0 0 0 1 1
"454" 1 1 1 1 1 1 0 0 0 0 1 1 0 0 0 0 0 0 1 1 0 0 1 1 0 1 0 1 1 0 0 1 0 1 0 0 1 1 0 0 0 0 0 0 0 1 1 1 1 0 1 1 1 1 1 0 0 0 0 0 0 1 0 0 0 1 0 0 1 1 1 1 1 0 1 0 1 0 0 0 0 0 0 1 1 1 0 1 0 0 1 1 0 0 0 0 0 0 1 1
"455" 1 1 1 1 1 1 1 1 0 0 1 1 0 0 0 0 0 0 1 1 1 0 1 1 0 1 0 1 1 0 1 1 1 1 0 0 1 1 0 0 0 0 0 0 0 1 1 1 1 1 0 1 1 1 1 0 1 1 0 0 0 1 0 0 0 1 0 0 1 1 1 1 1 0 1 1 1 0 0 1 0 0 1 1 1 1 1 1 1 0 1 1 0 0 0 0 0 0 1 1
"456" 1 1 1 1 1 1 1 1 0 0 1 1 0 0 0 0 0 0 1 1 1 0 1 1 0 1 0 1 1 0 1 1 1 1 0 0 1 1 0 0 0 0 0 0 0 1 1 1 1 1 0 1 1 1 1 0 1 1 0 0 0 1 0 0 0 1 0 0 1 1 1 1 1 0 1 1 1 0 0 1 0 0 1 1 1 1 1 1 1 0 1 1 0 0 0 0 0 0 1 1
"457" 1 1 1 1 1 0 1 1 0 0 1 1 0 0 0 0 0 0 1 1 0 0 1 1 0 1 0 1 1 1 1 1 1 1 1 1 0 0 0 0 0 0 0 0 1 1 1 1 1 1 1 1 1 1 1 0 0 0 0 0 0 1 0 0 0 1 1 1 1 1 1 1 1 0 1 1 0 0 0 1 1 1 0 1 1 1 1 1 0 0 1 1 0 0 0 0 0 0 1 1
"458" 1 0 1 1 1 0 1 1 0 1 1 1 0 0 1 1 0 1 1 1 0 0 1 1 0 1 0 1 1 0 1 1 1 1 1 1 1 1 1 0 0 0 0 0 1 1 1 1 1 1 1 1 0 1 1 1 1 1 1 0 0 1 0 0 0 1 1 1 1 1 1 1 1 1 1 1 0 0 0 1 1 1 1 1 1 1 1 1 1 0 1 1 0 1 0 0 0 1 1 1
"459" 1 1 1 1 1 0 0 1 0 1 1 1 0 0 0 1 0 0 1 1 0 0 1 1 0 1 0 1 1 0 1 1 1 1 1 1 1 1 0 0 0 0 0 0 0 1 1 1 1 1 1 1 0 1 1 0 1 1 0 0 0 1 0 0 0 1 1 1 1 1 1 1 1 1 1 1 1 0 0 1 0 0 1 1 1 1 1 1 1 0 1 1 0 0 0 0 0 0 1 1
"460" 1 1 1 1 1 0 0 1 0 1 1 1 0 0 0 1 0 0 1 1 0 0 1 1 0 1 0 1 1 0 1 1 1 1 1 1 1 1 0 0 0 0 0 0 0 1 1 0 1 1 1 1 0 1 0 0 0 0 0 0 0 1 0 0 0 1 1 1 1 1 1 0 1 1 1 1 0 0 0 0 0 0 1 1 1 1 1 1 1 0 1 1 0 0 0 0 0 0 1 1
