Chapter 7, WIRS data
1005 6 0 0 0 48


1 0 2000 1 0.00000001 0 
     0 0 0 0 0 0
     0 0 0 0 0 0
     0 0 0 0 0 0
     0 0 0 0 0 0
     0 0 0 0 0 0
     0 0 0 0 0 0
     0 0 0 0 0 0
     0 0 0 0 0 0
     0 0 0 0 0 0
     0 0 0 0 0 0
     0 0 0 0 0 0
     0 0 0 0 0 0
     0 0 0 0 0 0
     0 0 0 0 0 0
     0 0 0 0 0 0
     0 0 0 0 0 0
     0 0 0 0 0 0
     0 0 0 0 0 0
     0 0 0 0 0 0
     0 0 0 0 0 0
     0 0 0 0 0 0
     0 0 0 0 0 0
     0 0 0 0 0 0
     0 0 0 0 0 0
     0 0 0 0 0 0
     0 0 0 0 0 0
     0 0 0 0 0 0
     0 0 0 0 0 0
     0 0 0 0 0 0
     0 0 0 0 0 0
     0 0 0 0 0 0
     0 0 0 0 0 0
     0 0 0 0 0 0
     0 0 0 0 0 0
     0 0 0 0 0 0
     0 0 0 0 0 0
     0 0 0 0 0 0
     0 0 0 0 0 0
     0 0 0 0 0 0
     0 0 0 0 0 0
     0 0 0 0 0 0
     0 0 0 0 0 0
     0 0 0 0 0 0
     0 0 0 0 0 0
     0 0 0 0 0 0
     0 0 0 0 0 0
     0 0 0 0 0 0
     0 0 0 0 0 0
     0 0 0 0 0 0
     0 0 0 0 0 0
     0 0 0 0 0 0
     0 0 0 0 0 0
     0 0 0 0 0 0
     0 0 0 0 0 0
     0 0 0 0 0 0
     0 0 0 0 0 0
     0 0 0 0 0 0
     0 0 0 0 0 0
     0 0 0 0 0 0
     0 0 0 0 0 0
     0 0 0 0 0 0
     0 0 0 0 0 0
     0 0 0 0 0 0
     0 0 0 0 0 0
     0 0 0 0 0 0
     0 0 0 0 0 0
     0 0 0 0 0 0
     0 0 0 0 0 0
     0 0 0 0 0 0
     0 0 0 0 0 0
     0 0 0 0 0 0
     0 0 0 0 0 0
     0 0 0 0 0 0
     0 0 0 0 0 0
     0 0 0 0 0 0
     0 0 0 0 0 0
     0 0 0 0 0 0
     0 0 0 0 0 0
     0 0 0 0 0 0
     0 0 0 0 0 0
     0 0 0 0 0 0
     0 0 0 0 0 0
     0 0 0 0 0 0
     0 0 0 0 0 0
     0 0 0 0 0 0
     0 0 0 0 0 0
     0 0 0 0 0 0
     0 0 0 0 0 0
     0 0 0 0 0 0
     0 0 0 0 0 0
     0 0 0 0 0 0
     0 0 0 0 0 0
     0 0 0 0 0 0
     0 0 0 0 0 0
     0 0 0 0 0 0
     0 0 0 0 0 0
     0 0 0 0 0 0
     0 0 0 0 0 0
     0 0 0 0 0 0
     0 0 0 0 0 0
     0 0 0 0 0 0
     0 0 0 0 0 0
     0 0 0 0 0 0
     0 0 0 0 0 0
     0 0 0 0 0 0
     0 0 0 0 0 0
     0 0 0 0 0 0
     0 0 0 0 0 0
     0 0 0 0 0 0
     0 0 0 0 0 0
     0 0 0 0 0 0
     0 0 0 0 0 0
     0 0 0 0 0 0
     0 0 0 0 0 0
     0 0 0 0 0 0
     0 0 0 0 0 0
     0 0 0 0 0 0
     0 0 0 0 0 0
     0 0 0 0 0 0
     0 0 0 0 0 0
     0 0 0 0 0 0
     0 0 0 0 0 0
     0 0 0 0 0 0
     0 0 0 0 0 0
     0 0 0 0 0 0
     0 0 0 0 0 0
     0 0 0 0 0 0
     0 0 0 0 0 0
     0 0 0 0 0 0
     0 0 0 0 0 0
     0 0 0 0 0 0
     0 0 0 0 0 0
     0 0 0 0 0 1
     0 0 0 0 0 1
     0 0 0 0 0 1
     0 0 0 0 0 1
     0 0 0 0 0 1
     0 0 0 0 1 0      
     0 0 0 0 1 0      
     0 0 0 0 1 0      
     0 0 0 0 1 0      
     0 0 0 0 1 0      
     0 0 0 0 1 0      
     0 0 0 0 1 0      
     0 0 0 0 1 0      
     0 0 0 0 1 0      
     0 0 0 0 1 0      
     0 0 0 0 1 0      
     0 0 0 0 1 0      
     0 0 0 0 1 0      
     0 0 0 0 1 0      
     0 0 0 0 1 0      
     0 0 0 0 1 0      
     0 0 0 0 1 0      
     0 0 0 1 0 0 
     0 0 0 1 0 0 
     0 0 0 1 0 0 
     0 0 0 1 0 0 
     0 0 0 1 0 0 
     0 0 0 1 0 0 
     0 0 0 1 0 0 
     0 0 0 1 0 0 
     0 0 0 1 0 0 
     0 0 0 1 0 0 
     0 0 0 1 0 0 
     0 0 0 1 0 0 
     0 0 0 1 0 0 
     0 0 1 0 0 0
     0 0 1 0 0 0
     0 0 1 0 0 0
     0 0 1 0 0 0
     0 0 1 0 0 0
     0 0 1 0 0 0
     0 0 1 0 0 0
     0 0 1 0 0 0
     0 0 1 0 0 0
     0 0 1 0 0 0
     0 0 1 0 0 0
     0 0 1 0 0 0
     0 1 0 0 0 0 
     0 1 0 0 0 0 
     0 1 0 0 0 0 
     0 1 0 0 0 0 
     0 1 0 0 0 0 
     0 1 0 0 0 0 
     0 1 0 0 0 0 
     0 1 0 0 0 0 
     0 1 0 0 0 0 
     0 1 0 0 0 0 
     0 1 0 0 0 0 
     0 1 0 0 0 0 
     0 1 0 0 0 0 
     0 1 0 0 0 0 
     0 1 0 0 0 0 
     0 1 0 0 0 0 
     0 1 0 0 0 0 
     0 1 0 0 0 0 
     0 1 0 0 0 0 
     0 1 0 0 0 0 
     0 1 0 0 0 0 
     0 1 0 0 0 0 
     0 1 0 0 0 0 
     0 1 0 0 0 0 
     0 1 0 0 0 0 
     0 1 0 0 0 0 
     0 1 0 0 0 0 
     0 1 0 0 0 0 
     0 1 0 0 0 0 
     0 1 0 0 0 0 
     0 1 0 0 0 0 
     0 1 0 0 0 0 
     0 1 0 0 0 0 
     0 1 0 0 0 0 
     0 1 0 0 0 0 
     0 1 0 0 0 0 
     0 1 0 0 0 0 
     0 1 0 0 0 0 
     0 1 0 0 0 0 
     0 1 0 0 0 0 
     0 1 0 0 0 0 
     0 1 0 0 0 0 
     0 1 0 0 0 0 
     0 1 0 0 0 0 
     0 1 0 0 0 0 
     0 1 0 0 0 0 
     0 1 0 0 0 0 
     0 1 0 0 0 0 
     0 1 0 0 0 0 
     0 1 0 0 0 0 
     0 1 0 0 0 0 
     0 1 0 0 0 0 
     0 1 0 0 0 0 
     0 1 0 0 0 0 
     0 1 0 0 0 0 
     0 1 0 0 0 0 
     0 1 0 0 0 0 
     0 1 0 0 0 0 
     0 1 0 0 0 0 
     0 1 0 0 0 0 
     0 1 0 0 0 0 
     0 1 0 0 0 0 
     0 1 0 0 0 0 
     0 1 0 0 0 0 
     0 1 0 0 0 0 
     0 1 0 0 0 0 
     0 1 0 0 0 0 
     0 1 0 0 0 0 
     0 1 0 0 0 0 
     0 1 0 0 0 0 
     0 1 0 0 0 0 
     0 1 0 0 0 0 
     0 1 0 0 0 0 
     0 1 0 0 0 0 
     0 1 0 0 0 0 
     0 1 0 0 0 0 
     0 1 0 0 0 0 
     0 1 0 0 0 0 
     0 1 0 0 0 0 
     0 1 0 0 0 0 
     0 1 0 0 0 0 
     0 1 0 0 0 0 
     0 1 0 0 0 0 
     0 1 0 0 0 0 
     0 1 0 0 0 0 
     0 1 0 0 0 0 
     0 1 0 0 0 0 
     0 1 0 0 0 0 
     0 1 0 0 0 0 
     0 1 0 0 0 0 
     0 1 0 0 0 0 
     0 1 0 0 0 0 
     0 1 0 0 0 0 
     0 1 0 0 0 0 
     0 1 0 0 0 0 
     0 1 0 0 0 0 
     0 1 0 0 0 0 
     0 1 0 0 0 0 
     0 1 0 0 0 0 
     0 1 0 0 0 0 
     0 1 0 0 0 0 
     0 1 0 0 0 0 
     0 1 0 0 0 0 
     0 1 0 0 0 0 
     0 1 0 0 0 0 
     0 1 0 0 0 0 
     0 1 0 0 0 0 
     0 1 0 0 0 0 
     0 1 0 0 0 0 
     0 1 0 0 0 0 
     0 1 0 0 0 0 
     0 1 0 0 0 0 
     0 1 0 0 0 0 
     0 1 0 0 0 0 
     0 1 0 0 0 0 
     0 1 0 0 0 0 
     0 1 0 0 0 0 
     0 1 0 0 0 0 
     0 1 0 0 0 0 
     0 1 0 0 0 0 
     0 1 0 0 0 0 
     0 1 0 0 0 0 
     0 1 0 0 0 0 
     0 1 0 0 0 0 
     0 1 0 0 0 0 
     0 1 0 0 0 0 
     0 1 0 0 0 0 
     0 1 0 0 0 0 
     0 1 0 0 0 0 
     0 1 0 0 0 0 
     0 1 0 0 0 0 
     0 1 0 0 0 0 
     0 1 0 0 0 0 
     0 1 0 0 0 0 
     0 1 0 0 0 0 
     0 1 0 0 0 0 
     0 1 0 0 0 0 
     0 1 0 0 0 0 
     0 1 0 0 0 0 
     0 1 0 0 0 0 
     0 1 0 0 0 0 
     0 1 0 0 0 0 
     0 1 0 0 0 0 
     0 1 0 0 0 0 
     0 1 0 0 0 0 
     0 1 0 0 0 0 
     0 1 0 0 0 0 
     0 1 0 0 0 0 
     0 1 0 0 0 0 
     0 1 0 0 0 0 
     0 1 0 0 0 0 
     0 1 0 0 0 0 
     0 1 0 0 0 0 
     0 1 0 0 0 0 
     0 1 0 0 0 0 
     0 1 0 0 0 0 
     0 1 0 0 0 0 
     0 1 0 0 0 0 
     0 1 0 0 0 0 
     0 1 0 0 0 0 
     0 1 0 0 0 0 
     0 1 0 0 0 0 
     0 1 0 0 0 0 
     0 1 0 0 0 0 
     0 1 0 0 0 0 
     0 1 0 0 0 0 
     0 1 0 0 0 0 
     0 1 0 0 0 0 
     0 1 0 0 0 0 
     0 1 0 0 0 0 
     0 1 0 0 0 0 
     0 1 0 0 0 0 
     1 0 0 0 0 0
     1 0 0 0 0 0
     1 0 0 0 0 0
     1 0 0 0 0 0
     1 0 0 0 0 0
     1 0 0 0 0 0
     1 0 0 0 0 0
     1 0 0 0 0 0
     1 0 0 0 0 0
     1 0 0 0 0 0
     1 0 0 0 0 0
     1 0 0 0 0 0
     1 0 0 0 0 0
     1 0 0 0 0 0
     1 0 0 0 0 0
     1 0 0 0 0 0
     1 0 0 0 0 0
     1 0 0 0 0 0
     1 0 0 0 0 0
     1 0 0 0 0 0
     1 0 0 0 0 0
     1 0 0 0 0 0
     1 0 0 0 0 0
     1 0 0 0 0 0
     1 0 0 0 0 0
     1 0 0 0 0 0
     1 0 0 0 0 0
     1 0 0 0 0 0
     1 0 0 0 0 0
     1 0 0 0 0 0
     1 0 0 0 0 0
     1 0 0 0 0 0
     1 0 0 0 0 0
     1 0 0 0 0 0
     1 0 0 0 0 0
     1 0 0 0 0 0
     1 0 0 0 0 0
     1 0 0 0 0 0
     1 0 0 0 0 0
     1 0 0 0 0 0
     1 0 0 0 0 0
     1 0 0 0 0 0
     1 0 0 0 0 0
     1 0 0 0 0 0
     1 0 0 0 0 0
     1 0 0 0 0 0
     1 0 0 0 0 0
     1 0 0 0 0 0
     1 0 0 0 0 0
     1 0 0 0 0 0
     1 0 0 0 0 0
     1 0 0 0 0 0
     1 0 0 0 0 0
     1 0 0 0 0 0
     1 0 0 0 0 0
     1 0 0 0 0 0
     1 0 0 0 0 0
     1 0 0 0 0 0
     1 0 0 0 0 0
     1 0 0 0 0 0
     1 0 0 0 0 0
     1 0 0 0 0 0
     1 0 0 0 0 0
     1 0 0 0 0 0
     1 0 0 0 0 0
     0 0 1 0 0 1
     0 1 0 0 0 1       
     0 1 0 0 0 1       
     0 1 0 0 0 1       
     0 1 0 0 0 1       
     1 0 0 0 0 1      
     1 0 0 0 0 1      
     1 0 0 0 0 1      
     1 0 0 0 0 1      
     1 0 0 0 0 1      
     1 0 0 0 0 1      
     1 0 0 0 0 1      
     1 0 0 0 0 1      
     1 0 0 0 0 1      
     1 0 0 0 0 1      
     1 0 0 0 0 1      
     0 0 1 0 1 0
     0 0 1 0 1 0
     0 1 0 0 1 0
     0 1 0 0 1 0
     0 1 0 0 1 0
     0 1 0 0 1 0
     0 1 0 0 1 0
     0 1 0 0 1 0
     0 1 0 0 1 0
     0 1 0 0 1 0
     0 1 0 0 1 0
     0 1 0 0 1 0
     0 1 0 0 1 0
     0 1 0 0 1 0
     0 1 0 0 1 0
     0 1 0 0 1 0
     0 1 0 0 1 0
     0 1 0 0 1 0
     0 1 0 0 1 0
     0 1 0 0 1 0
     0 1 0 0 1 0
     0 1 0 0 1 0
     0 1 0 0 1 0
     0 1 0 0 1 0
     0 1 0 0 1 0
     0 1 0 0 1 0
     0 1 0 0 1 0
     0 1 0 0 1 0
     0 1 0 0 1 0
     0 1 0 0 1 0
     0 1 0 0 1 0
     0 1 0 0 1 0
     0 1 0 0 1 0
     0 1 0 0 1 0
     0 1 0 0 1 0
     0 1 0 0 1 0
     0 1 0 0 1 0
     0 1 0 0 1 0
     0 1 0 0 1 0
     0 1 0 0 1 0
     1 0 0 0 1 0      
     1 0 0 0 1 0      
     1 0 0 0 1 0      
     1 0 0 0 1 0      
     1 0 0 0 1 0      
     1 0 0 0 1 0      
     1 0 0 0 1 0      
     1 0 0 0 1 0      
     1 0 0 0 1 0      
     1 0 0 0 1 0      
     1 0 0 0 1 0      
     1 0 0 0 1 0      
     1 0 0 0 1 0      
     1 0 0 0 1 0      
     1 0 0 0 1 0      
     1 0 0 0 1 0      
     1 0 0 0 1 0      
     1 0 0 0 1 0      
     1 0 0 0 1 0      
     1 0 0 0 1 0      
     1 0 0 0 1 0      
     1 0 0 0 1 0      
     1 0 0 0 1 0      
     1 0 0 0 1 0      
     1 0 0 0 1 0      
     1 0 0 0 1 0      
     1 0 0 0 1 0      
     1 0 0 0 1 0      
     1 0 0 0 1 0      
     1 0 0 0 1 0      
     1 0 0 0 1 0      
     1 0 0 0 1 0      
     1 0 0 0 1 0      
     1 0 0 0 1 0      
     0 0 1 1 0 0       
     0 1 0 1 0 0
     0 1 0 1 0 0
     0 1 0 1 0 0
     0 1 0 1 0 0
     0 1 0 1 0 0
     0 1 0 1 0 0
     0 1 0 1 0 0
     0 1 0 1 0 0
     0 1 0 1 0 0
     0 1 0 1 0 0
     0 1 0 1 0 0
     0 1 0 1 0 0
     0 1 0 1 0 0
     0 1 0 1 0 0
     0 1 0 1 0 0
     0 1 0 1 0 0
     0 1 0 1 0 0
     0 1 0 1 0 0
     0 1 0 1 0 0
     0 1 0 1 0 0
     0 1 0 1 0 0
     0 1 0 1 0 0
     0 1 0 1 0 0
     0 1 0 1 0 0
     0 1 0 1 0 0
     0 1 0 1 0 0
     0 1 0 1 0 0
     0 1 0 1 0 0
     0 1 0 1 0 0
     0 1 0 1 0 0
     0 1 0 1 0 0
     0 1 0 1 0 0
     0 1 0 1 0 0
     0 1 0 1 0 0
     0 1 0 1 0 0
     0 1 0 1 0 0
     0 1 0 1 0 0
     0 1 0 1 0 0
     0 1 0 1 0 0
     0 1 0 1 0 0
     0 1 0 1 0 0
     0 1 0 1 0 0
     0 1 0 1 0 0
     0 1 0 1 0 0
     0 1 0 1 0 0
     1 0 0 1 0 0      
     1 0 0 1 0 0      
     1 0 0 1 0 0      
     1 0 0 1 0 0      
     1 0 0 1 0 0      
     1 0 0 1 0 0      
     1 0 0 1 0 0      
     1 0 0 1 0 0      
     1 0 0 1 0 0      
     1 0 0 1 0 0      
     1 0 0 1 0 0      
     1 0 0 1 0 0      
     1 0 0 1 0 0      
     1 0 0 1 0 0      
     1 0 0 1 0 0      
     1 0 0 1 0 0      
     1 0 0 1 0 0      
     1 0 0 1 0 0      
     1 0 0 1 0 0      
     1 0 0 1 0 0      
     0 1 1 0 0 0      
     0 1 1 0 0 0      
     0 1 1 0 0 0      
     0 1 1 0 0 0      
     0 1 1 0 0 0      
     0 1 1 0 0 0      
     0 1 1 0 0 0      
     0 1 1 0 0 0      
     0 1 1 0 0 0      
     0 1 1 0 0 0      
     0 1 1 0 0 0      
     0 1 1 0 0 0      
     0 1 1 0 0 0      
     0 1 1 0 0 0      
     0 1 1 0 0 0      
     0 1 1 0 0 0      
     0 1 1 0 0 0      
     0 1 1 0 0 0      
     0 1 1 0 0 0      
     0 1 1 0 0 0      
     0 1 1 0 0 0      
     1 0 1 0 0 0
     1 0 1 0 0 0
     1 0 1 0 0 0
     1 0 1 0 0 0
     1 0 1 0 0 0
     1 0 1 0 0 0
     1 0 1 0 0 0
     1 0 1 0 0 0
     1 0 1 0 0 0
     1 0 1 0 0 0
     1 0 1 0 0 0
     1 0 1 0 0 0
     1 0 1 0 0 0
     1 0 1 0 0 0
     1 0 1 0 0 0
     1 0 1 0 0 0
     1 0 1 0 0 0
     1 0 1 0 0 0
     1 0 1 0 0 0
     1 0 1 0 0 0
     1 0 1 0 0 0
     1 0 1 0 0 0
     1 0 1 0 0 0
     1 0 1 0 0 0
     1 1 0 0 0 0 
     1 1 0 0 0 0 
     1 1 0 0 0 0 
     1 1 0 0 0 0 
     1 1 0 0 0 0 
     1 1 0 0 0 0 
     1 1 0 0 0 0 
     1 1 0 0 0 0 
     1 1 0 0 0 0 
     1 1 0 0 0 0 
     1 1 0 0 0 0 
     1 1 0 0 0 0 
     1 1 0 0 0 0 
     1 1 0 0 0 0 
     1 1 0 0 0 0 
     1 1 0 0 0 0 
     1 1 0 0 0 0 
     1 1 0 0 0 0 
     1 1 0 0 0 0 
     1 1 0 0 0 0 
     1 1 0 0 0 0 
     1 1 0 0 0 0 
     1 1 0 0 0 0 
     1 1 0 0 0 0 
     1 1 0 0 0 0 
     1 1 0 0 0 0 
     1 1 0 0 0 0 
     1 1 0 0 0 0 
     1 1 0 0 0 0 
     1 1 0 0 0 0 
     1 1 0 0 0 0 
     1 1 0 0 0 0 
     1 1 0 0 0 0 
     1 1 0 0 0 0 
     1 1 0 0 0 0 
     1 1 0 0 0 0 
     1 1 0 0 0 0 
     1 1 0 0 0 0 
     1 1 0 0 0 0 
     1 1 0 0 0 0 
     1 1 0 0 0 0 
     1 1 0 0 0 0 
     1 1 0 0 0 0 
     1 1 0 0 0 0 
     1 1 0 0 0 0 
     1 1 0 0 0 0 
     1 1 0 0 0 0 
     1 1 0 0 0 0 
     1 1 0 0 0 0 
     1 1 0 0 0 0 
     1 1 0 0 0 0 
     1 1 0 0 0 0 
     1 1 0 0 0 0 
     1 1 0 0 0 0 
     1 1 0 0 0 0 
     0 0 1 0 1 1       
     0 0 1 0 1 1       
     0 1 0 0 1 1      
     0 1 0 0 1 1      
     0 1 0 0 1 1      
     0 1 0 0 1 1      
     0 1 0 0 1 1      
     0 1 0 0 1 1      
     0 1 0 0 1 1      
     0 1 0 0 1 1      
     0 1 0 0 1 1      
     0 1 0 0 1 1      
     0 1 0 0 1 1      
     1 0 0 0 1 1      
     1 0 0 0 1 1      
     1 0 0 0 1 1      
     1 0 0 0 1 1      
     1 0 0 0 1 1      
     1 0 0 0 1 1      
     1 0 0 0 1 1      
     1 0 0 0 1 1      
     1 0 0 0 1 1      
     1 0 0 0 1 1      
     0 1 0 1 0 1       
     1 0 0 1 0 1       
     0 1 1 0 0 1       
     0 1 1 0 0 1       
     1 0 1 0 0 1       
     1 0 1 0 0 1       
     1 0 1 0 0 1       
     1 0 1 0 0 1       
     1 0 1 0 0 1       
     1 0 1 0 0 1       
     1 0 1 0 0 1       
     1 0 1 0 0 1       
     1 1 0 0 0 1      
     1 1 0 0 0 1      
     1 1 0 0 0 1      
     1 1 0 0 0 1      
     1 1 0 0 0 1      
     1 1 0 0 0 1      
     1 1 0 0 0 1      
     1 1 0 0 0 1      
     1 1 0 0 0 1      
     1 1 0 0 0 1      
     1 1 1 0 0 0      
     1 1 1 0 0 0      
     1 1 1 0 0 0      
     1 1 1 0 0 0      
     1 1 1 0 0 0      
     1 1 1 0 0 0      
     1 1 1 0 0 0      
     1 1 1 0 0 0      
     1 1 1 0 0 0      
     1 1 1 0 0 0      
     1 1 1 0 0 0      
     1 1 1 0 0 0      
     1 1 1 0 0 0      
     1 1 0 1 0 0       
     1 1 0 1 0 0       
     1 1 0 1 0 0       
     1 1 0 1 0 0       
     1 1 0 1 0 0       
     1 0 1 1 0 0       
     1 0 1 1 0 0       
     0 1 1 1 0 0      
     0 1 1 1 0 0      
     0 1 1 1 0 0      
     0 1 1 1 0 0      
     0 1 1 1 0 0      
     0 1 1 1 0 0      
     0 1 1 1 0 0      
     0 1 1 1 0 0      
     0 1 1 1 0 0      
     0 1 1 1 0 0      
     0 1 1 1 0 0      
     0 1 1 1 0 0      
     0 1 1 1 0 0      
     1 1 0 0 1 0      
     1 1 0 0 1 0      
     1 1 0 0 1 0      
     1 1 0 0 1 0      
     1 1 0 0 1 0      
     1 1 0 0 1 0      
     1 1 0 0 1 0      
     1 1 0 0 1 0      
     1 1 0 0 1 0      
     1 1 0 0 1 0      
     1 1 0 0 1 0      
     1 1 0 0 1 0      
     1 1 0 0 1 0      
     1 1 0 0 1 0      
     1 1 0 0 1 0      
     1 1 0 0 1 0      
     1 1 0 0 1 0      
     1 1 0 0 1 0      
     1 1 0 0 1 0      
     1 1 0 0 1 0      
     1 1 0 0 1 0      
     1 1 0 0 1 0      
     1 1 0 0 1 0      
     1 1 0 0 1 0      
     1 1 0 0 1 0      
     1 1 0 0 1 0      
     1 0 1 0 1 0      
     1 0 1 0 1 0      
     1 0 1 0 1 0      
     1 0 1 0 1 0      
     1 0 1 0 1 0      
     1 0 1 0 1 0      
     1 0 1 0 1 0      
     1 0 1 0 1 0      
     1 0 1 0 1 0      
     1 0 1 0 1 0      
     1 0 1 0 1 0      
     1 0 1 0 1 0      
     1 0 1 0 1 0      
     1 0 1 0 1 0      
     1 0 1 0 1 0      
     1 0 1 0 1 0      
     1 0 1 0 1 0      
     1 0 1 0 1 0      
     1 0 1 0 1 0      
     1 0 1 0 1 0      
     1 0 1 0 1 0      
     1 0 1 0 1 0      
     1 0 1 0 1 0      
     1 0 1 0 1 0      
     1 0 1 0 1 0      
     1 0 1 0 1 0      
     1 0 1 0 1 0      
     1 0 1 0 1 0      
     1 0 1 0 1 0      
     1 0 1 0 1 0      
     1 0 1 0 1 0      
     0 1 1 0 1 0
     0 1 1 0 1 0
     0 1 1 0 1 0
     0 1 1 0 1 0
     0 1 1 0 1 0
     0 1 1 0 1 0
     0 1 1 0 1 0
     0 1 1 0 1 0
     0 1 1 0 1 0
     0 1 1 0 1 0
     0 1 1 0 1 0
     0 1 1 0 1 0
     0 1 1 0 1 0
     0 1 1 0 1 0
     0 1 1 0 1 0
     0 1 1 0 1 0
     0 1 1 0 1 0
     0 1 1 0 1 0
     0 1 1 0 1 0
     0 1 1 0 1 0
     0 1 1 0 1 0
     0 1 1 0 1 0
     0 1 1 0 1 0
     0 1 1 0 1 0
     0 1 1 0 1 0
     0 1 1 0 1 0
     0 1 1 0 1 0
     0 1 1 0 1 0
     1 0 0 1 1 0       
     1 0 0 1 1 0       
     1 0 0 1 1 0       
     1 0 0 1 1 0       
     1 0 0 1 1 0       
     0 1 0 1 1 0      
     0 1 0 1 1 0      
     0 1 0 1 1 0      
     0 1 0 1 1 0      
     0 1 0 1 1 0      
     0 1 0 1 1 0      
     0 1 0 1 1 0      
     0 1 0 1 1 0      
     0 1 0 1 1 0      
     0 1 0 1 1 0      
     0 1 0 1 1 0      
     0 1 0 1 1 0      
     0 1 0 1 1 0      
     0 1 0 1 1 0      
     0 1 0 1 1 0      
     0 1 0 1 1 0      
     0 1 0 1 1 0      
     0 1 0 1 1 0      
     0 1 0 1 1 0      
     0 1 0 1 1 0      
     0 1 0 1 1 0      
     0 1 0 1 1 0      
     0 0 1 1 1 0       
     1 1 1 1 0 0   
     1 1 1 1 0 0   
     1 1 1 1 0 0   
     1 1 1 0 1 0   
     1 1 1 0 1 0   
     1 1 1 0 1 0   
     1 1 1 0 1 0   
     1 1 1 0 1 0   
     1 1 1 0 1 0   
     1 1 0 1 1 0   
     1 1 0 1 1 0   
     1 1 0 1 1 0   
     1 1 0 1 1 0   
     1 0 1 1 1 0   
     1 0 1 1 1 0   
     1 0 1 1 1 0   
     1 0 1 1 1 0   
     1 0 1 1 1 0   
     1 0 1 1 1 0   
     1 0 1 1 1 0   
     1 0 1 1 1 0   
     0 1 1 1 1 0
     0 1 1 1 1 0
     0 1 1 1 1 0
     0 1 1 1 1 0
     0 1 1 1 1 0
     0 1 1 1 1 0
     0 1 1 1 1 0
     0 1 1 1 1 0
     0 1 1 1 1 0
     0 1 1 1 1 0
     0 1 1 1 1 0
     0 1 1 1 1 0
     0 1 1 1 1 0
     0 1 1 1 1 0
     0 1 1 1 1 0
     0 1 1 1 1 0
     0 1 1 1 1 0
     0 1 1 1 1 0
     0 1 1 1 1 0
     0 1 1 1 1 0
     0 1 1 1 1 0
     0 1 1 1 1 0
     0 1 1 1 1 0
     0 1 1 1 1 0
     0 1 1 1 1 0
     0 1 1 1 1 0
     0 1 1 1 1 0
     0 1 1 1 1 0
     0 1 1 1 1 0
     0 1 1 1 1 0
     0 1 1 1 1 0
     0 1 1 1 1 0
     0 1 1 1 1 0
     0 1 1 1 1 0
     0 1 1 1 1 0
     1 1 1 0 0 1   
     1 0 1 1 0 1   
     0 1 1 1 0 1   
     0 1 1 1 0 1   
     0 1 1 1 0 1   
     1 1 0 0 1 1   
     1 1 0 0 1 1   
     1 1 0 0 1 1   
     1 0 1 0 1 1   
     1 0 1 0 1 1   
     1 0 1 0 1 1   
     1 0 1 0 1 1   
     0 1 1 0 1 1   
     0 1 1 0 1 1   
     0 1 1 0 1 1   
     0 1 1 0 1 1   
     0 1 1 0 1 1   
     0 1 1 0 1 1   
     0 1 1 0 1 1   
     0 1 1 0 1 1   
     0 1 1 0 1 1   
     0 1 1 0 1 1   
     0 1 1 0 1 1   
     1 0 0 1 1 1   
     1 0 0 1 1 1   
     0 1 0 1 1 1   
     0 1 0 1 1 1   
     0 1 0 1 1 1   
     0 1 0 1 1 1   
     0 1 0 1 1 1   
     0 1 0 1 1 1   
     0 1 0 1 1 1   
     0 1 0 1 1 1   
     1 1 1 1 1 0   
     1 1 1 1 1 0   
     1 1 1 1 1 0   
     1 1 1 1 1 0   
     1 1 1 1 0 1   
     1 1 1 1 0 1   
     1 1 1 0 1 1   
     1 1 1 0 1 1   
     1 1 1 0 1 1   
     1 1 1 0 1 1   
     1 1 1 0 1 1   
     1 1 0 1 1 1   
     1 1 0 1 1 1   
     1 0 1 1 1 1   
     1 0 1 1 1 1   
     1 0 1 1 1 1   
     1 0 1 1 1 1   
     1 0 1 1 1 1   
     1 0 1 1 1 1   
     1 0 1 1 1 1   
     0 1 1 1 1 1   
     0 1 1 1 1 1   
     0 1 1 1 1 1   
     0 1 1 1 1 1   
     0 1 1 1 1 1   
     0 1 1 1 1 1   
     0 1 1 1 1 1   
     0 1 1 1 1 1   
     0 1 1 1 1 1   
     0 1 1 1 1 1   
     0 1 1 1 1 1   
     0 1 1 1 1 1   
     0 1 1 1 1 1   
     0 1 1 1 1 1   
     0 1 1 1 1 1   
     0 1 1 1 1 1   
     0 1 1 1 1 1   
     0 1 1 1 1 1   
     0 1 1 1 1 1   
     0 1 1 1 1 1   
     0 1 1 1 1 1   
     0 1 1 1 1 1   
     0 1 1 1 1 1   
     0 1 1 1 1 1   
     0 1 1 1 1 1   
     0 1 1 1 1 1   
     0 1 1 1 1 1   
     0 1 1 1 1 1   
     0 1 1 1 1 1   
     0 1 1 1 1 1   
     1 1 1 1 1 1   
     1 1 1 1 1 1   
     1 1 1 1 1 1   
