 21.000                                                                                                                                                                 
 18.529 21.000                                                                                                                                                          
 16.059 15.474 21.000                                                                                                                                                   
 17.500 14.700 17.850 21.000                                                                                                                                            
 12.353 12.158 17.684 14.000 21.000                                                                                                                                     
 14.000 13.650 18.900 16.000 19.950 21.000                                                                                                                              
 12.833 10.500 15.750 15.000 17.850 17.000 21.000                                                                                                                       
 11.667  9.450 12.600 12.000 15.750 14.000 18.000 21.000                                                                                                                
  8.167 10.500  6.300  4.000  7.350  6.000  6.000  7.000 21.000                                                                                                         
  9.333  9.450  8.400  7.000  9.450  8.000 10.000 11.000 16.000 21.000                                                                                                  
  7.412  7.737  9.947  7.000 11.053  9.000  8.000  7.000 17.000 16.000 21.000                                                                                           
  7.000 10.500  9.450  8.000  8.400  9.000  6.000  5.000 13.000 10.000 12.600 21.000                                                                                    
  9.188 10.500  9.333  7.000 10.500  8.000  9.000  8.000 13.000 14.000 13.263 13.000 21.000                                                                             
  9.333  8.400 11.550 10.000 11.550 10.000 11.000 10.000 11.000 16.000 14.700 12.000 18.790 21.000                                                                      
  7.000  7.350  9.450  7.000 10.500  9.000  9.000  8.000 18.000 17.000 21.000 12.000 13.263 14.000 21.000                                                               
  7.000  9.450  6.300  5.000  8.400  7.000  7.000  6.000 18.000 13.000 16.800 12.000 14.368 11.000 17.000 21.000                                                        
  9.333  9.450  8.400  9.000  9.450  8.000  9.000  8.000 11.000 14.000 12.600 11.000 15.474 15.000 12.000 12.000 21.000                                                 
  9.333  9.450 10.500  9.000 11.550 10.000  9.000  8.000 13.000 16.000 16.800 11.000 15.474 16.000 16.000 13.000 14.000 21.000                                          
 11.667 11.550 11.550 11.000 13.650 12.000 12.000 11.000 13.000 16.000 15.750 10.000 14.368 15.000 16.000 14.000 14.000 18.000 21.000                                   
 11.667 11.550 14.700 14.000 14.700 15.000 12.000 12.000  6.000  9.000  9.450 13.000  9.947 11.000  9.000  7.000 11.000 11.000 13.000 21.000                            
 13.588 11.053 14.368 13.000 14.368 14.000 11.000 11.000  7.000 10.000 10.500 11.000 11.053 12.000 10.000  8.000 12.000 12.000 14.000 19.000 21.000                     
 12.353 11.053 12.158 11.000 12.158 12.000  9.000  9.000  7.000  8.000  8.400 11.000 11.053 10.000  8.000 10.000 10.000 10.000 12.000 17.000 18.900 21.000              
 12.833 11.550 12.600 12.000 12.600 13.000 10.000 10.000  8.000  9.000  9.450 13.000 12.158 11.000  9.000  9.000 11.000 11.000 13.000 19.000 19.950 19.950 21.000       
 15.167 13.650 14.700 14.000 13.650 14.000 11.000 11.000  9.000 10.000 10.500 11.000 13.263 13.000 10.000 10.000 11.000 12.000 14.000 17.000 18.900 18.900 19.000 21.000
