9.60055  6.98676  6.85417  7.13951   7.8212  4.24038  4.52572  5.20742 
4.39314  5.07483  5.36017  1.77934  2.46104  2.74638  2.61379  0.00000
6.98676  8.60642  4.24038  4.52572   5.2074  5.86004  6.14538  6.82707 
1.77934  2.46104  2.74638  3.39900  4.08070  4.36603  0.00000  1.61966
6.85417  4.24038  8.42679  4.39314   5.0748  5.81300  1.77934  2.46104 
5.96575  6.64745  2.61379  3.35196  4.03365  0.00000  4.18641  1.57261
7.13951  4.52572  4.39314  8.82396   5.3602  1.77934  6.21016  2.74638 
6.07758  2.61379  7.04461  3.46379  0.00000  4.43082  4.29824  1.68444
7.82121  5.20742  5.07483  5.36017  10.1043  2.46104  2.74638  7.49055 
2.61379  7.35796  7.64330  0.00000  4.74417  5.02951  4.89693  2.28313
4.24038  5.86004  5.81300  1.77934   2.4610  7.43265  3.39900  4.08070 
3.35196  4.03365  0.00000  4.97161  5.65331  1.61966  1.57261  3.19227
4.52572  6.14538  1.77934  6.21016   2.7464  3.39900  7.82982  4.36603 
3.46379  0.00000  4.43082  5.08345  1.61966  6.05048  1.68444  3.30410
5.20742  6.82707  2.46104  2.74638   7.4905  4.08070  4.36603  9.11021 
0.00000  4.74417  5.02951  1.61966  6.36383  6.64917  2.28313  3.90279
4.39314  1.77934  5.96575  6.07758   2.6138  3.35196  3.46379  0.00000 
7.65019  4.18641  4.29824  5.03640  1.57261  1.68444  5.87085  3.25706
5.07483  2.46104  6.64745  2.61379   7.3580  4.03365  0.00000  4.74417 
4.18641  8.93058  4.89693  1.57261  6.31679  2.28313  6.46954  3.85575
5.36017  2.74638  2.61379  7.04461   7.6433  0.00000  4.43082  5.02951 
4.29824  4.89693  9.32775  1.68444  2.28313  6.71395  6.58137  3.96758
1.77934  3.39900  3.35196  3.46379   0.0000  4.97161  5.08345  1.61966 
5.03640  1.57261  1.68444  6.65606  3.19227  3.30410  3.25706  4.87672
2.46104  4.08070  4.03365  0.00000   4.7442  5.65331  1.61966  6.36383 
1.57261  6.31679  2.28313  3.19227  7.93644  3.90279  3.85575  5.47540
2.74638  4.36603  0.00000  4.43082   5.0295  1.61966  6.05048  6.64917 
1.68444  2.28313  6.71395  3.30410  3.90279  8.33361  3.96758  5.58724
2.61379  0.00000  4.18641  4.29824   4.8969  1.57261  1.68444  2.28313 
5.87085  6.46954  6.58137  3.25706  3.85575  3.96758  8.15398  5.54019
0.00000  1.61966  1.57261  1.68444   2.2831  3.19227  3.30410  3.90279 
3.25706  3.85575  3.96758  4.87672  5.47540  5.58724  5.54019  7.15985
