0 0 0 0 0 0 132  
0 0 0 0 0 1   5  
0 0 0 0 1 0  17  
0 0 0 1 0 0  13  
0 0 1 0 0 0  12  
0 1 0 0 0 0 172  
1 0 0 0 0 0  65  
0 0 1 0 0 1   1  
0 1 0 0 0 1   4  
1 0 0 0 0 1  11  
0 0 1 0 1 0   2  
0 1 0 0 1 0  38  
1 0 0 0 1 0  34  
0 0 1 1 0 0   1  
0 1 0 1 0 0  45  
1 0 0 1 0 0  20  
0 1 1 0 0 0  21  
1 0 1 0 0 0  24  
1 1 0 0 0 0  55  
0 0 1 0 1 1   2  
0 1 0 0 1 1  11  
1 0 0 0 1 1  10  
0 1 0 1 0 1   1  
1 0 0 1 0 1   1  
0 1 1 0 0 1   2  
1 0 1 0 0 1   8  
1 1 0 0 0 1  10  
1 1 1 0 0 0  13  
1 1 0 1 0 0   5  
1 0 1 1 0 0   2  
0 1 1 1 0 0  13  
1 1 0 0 1 0  26  
1 0 1 0 1 0  31  
0 1 1 0 1 0  28  
1 0 0 1 1 0   5  
0 1 0 1 1 0  22  
0 0 1 1 1 0   1  
1 1 1 1 0 0   3  
1 1 1 0 1 0   6  
1 1 0 1 1 0   4  
1 0 1 1 1 0   8  
0 1 1 1 1 0  35  
1 1 1 0 0 1   1  
1 0 1 1 0 1   1  
0 1 1 1 0 1   3  
1 1 0 0 1 1   3  
1 0 1 0 1 1   4  
0 1 1 0 1 1  11  
1 0 0 1 1 1   2  
0 1 0 1 1 1   8  
1 1 1 1 1 0   4  
1 1 1 1 0 1   2  
1 1 1 0 1 1   5  
1 1 0 1 1 1   2  
1 0 1 1 1 1   7  
0 1 1 1 1 1  30  
1 1 1 1 1 1   3  

 
